89
90
82
94
118
102
138
103
83
101
96
100
77
91
89
113
108
80
84
68
87
101
87
85
91
88
105
75
89
108
109
103
97
73
103
93
105
84
89
94
81
88
89
110
108
99
74
98
93
97
95
98
121
88
86
105
91
106
88
103
106
93
99
88
104
84
107
79
85
93
92
97
100
80
84
95
85
92
74
100
74
64
92
99
84
96
91
98
90
87
88
101
91
114
89
104
112
71
103
80
112
89
98
89
84
98
76
75
76
106
96
79
86
88
78
109
102
97
94
100
103
96
122
79
110
116
89
101
94
94
106
111
99
95
98
83
69
82
96
97
76
87
74
79
109
94
116
84
89
96
95
81
95
96
88
107
87
93
99
101
103
98
86
110
83
102
86
95
90
110
122
90
87
107
101
106
110
70
96
87
97
98
106
109
99
99
98
100
92
83
93
87
96
86
78
89
105
99
83
85
92
97
105
79
93
116
101
96
87
79
108
107
103
85
71
69
98
84
82
95
87
88
114
78
82
80
103
104
91
81
91
75
81
94
95
128
97
83
77
96
124
87
78
99
79
95
95
102
91
85
105
101
79
66
92
92
96
90
126
104
89
114
94
102
73
89
106
91
81
80
112
100
100
86
92
111
94
94
90
120
98
75
79
87
83
119
97
88
101
88
84
89
86
92
113
110
115
84
100
92
90
103
101
96
94
109
111
99
90
100
108
102
92
87
105
91
92
92
101
121
106
94
112
77
82
90
113
84
90
105
99
123
129
100
97
97
94
104
99
81
86
93
110
97
77
104
101
86
94
86
89
89
112
91
97
94
90
104
92
104
101
84
121
99
88
100
77
112
109
71
102
91
97
94
99
86
86
102
91
95
108
101
73
81
87
106
113
91
114
101
102
106
89
113
110
92
110
81
105
111
118
76
107
87
101
94
90
99
107
105
95
86
81
76
97
82
113
89
89
90
87
90
91
95
81
104
92
98
100
82
94
94
112
101
89
115
106
94
94
90
100
103
72
97
106
90
107
73
99
88
106
102
102
84
85
111
98
100
80
96
93
116
96
87
89
81
80
89
102
91
78
75
98
85
88
121
80
95
104
83
94
99
85
112
88
111
107
130
102
95
101
77
101
90
92
131
84
87
97
73
100
98
84
101
96
92
87
101
112
91
104
110
84
80
97
93
102
84
74
85
103
75
84
99
95
101
80
92
94
86
88
104
106
90
106
97
93
94
108
99
88
109
79
89
93
102
91
79
99
83
102
86
100
110
98
72
97
121
79
92
104
103
97
90
57
74
84
98
87
99
97
103
92
98
103
87
65
119
90
115
100
81
93
106
87
85
97
108
79
100
97
116
93
107
96
84
105
93
98
109
110
78
114
124
88
97
97
111
83
89
91
113
91
64
104
117
102
109
85
106
79
94
90
107
111
107
116
98
102
109
109
95
86
93
111
112
95
107
81
73
108
88
74
81
92
78
112
69
101
97
99
81
78
86
98
96
107
107
93
97
110
106
123
70
85
75
111
96
92
94
97
108
116
101
68
69
97
85
104
95
99
107
116
81
99
88
92
118
84
113
91
105
105
102
102
85
87
82
71
75
119
95
99
102
104
88
100
93
124
103
97
106
112
83
111
76
98
110
87
102
113
119
90
87
97
100
120
90
89
87
110
101
84
74
96
111
110
101
98
108
112
95
98
112
76
76
94
96
83
101
79
113
104
83
93
119
71
106
77
73
102
94
89
80
97
88
111
91
81
100
95
95
107
99
81
96
93
109
109
123
77
94
77
86
95
100
86
125
110
78
106
85
101
101
97
104
113
101
92
94
74
93
106
91
114
109
108
92
89
90
99
88
97
74
135
97
98
100
119
97
100
95
93
86
83
91
95
100
107
89
80
111
92
78
88
93
93
108
75
110
110
90
110
103
99
70
85
84
105
98
104
99
102
89
100
86
87
104
95
126
105
74
114
90
88
91
105
119
113
109
101
111
107
85
103
78
118
101
108
102
95
94
93
108
111
116
90
104
107
90
91
104
115
107
99
90
118
91
106
110
114
106
90
84
91
94
99
99
108
88
106
93
78
98
97
101
85
111
80
95
104
90
95
100
87
105
76
95
101
81
105
106
70
102
101
124
94
100
96
104
97
132
93
109
97
91
79
120
100
95
99
81
110
93
104
100
83
110
93
83
98
92
121
96
76
89
69
103
107
101
111
87
95
91
98
102
96
95
99
99
106
100
107
82
113
86
102
98
98
90
97
99
93
85
105
111
80
88
113
85
95
76
95
112
102
104
100
98
96
113
101
106
94
98
95
97
72
109
106
76
87
104
108
84
108
113
79
84
94
87
90
100
108
84
87
108
88
110
83
85
99
101
73
121
77
101
106
114
82
104
97
94
95
88
106
105
97
104
102
115
111
94
85
78
103
91
110
106
105
86
124
89
99
106
96
86
89
107
99
119
88
98
118
102
96
102
101
86
137
101
117
97
113
106
97
108
109
84
80
79
103
101
96
99
101
85
107
91
107
92
108
125
111
121
91
105
76
64
109
75
109
86
118
81
81
75
85
82
82
81
91
86
106
81
93
81
93
107
95
93
103
112
109
87
97
85
95
106
82
83
80
104
97
124
99
89
73
102
93
86
93
95
84
103
92
118
96
89
92
89
94
86
116
96
76
94
87
100
101
92
98
96
81
95
81
75
86
76
104
106
93
91
84
95
114
75
105
76
108
111
96
89
73
105
96
85
110
82
81
73
96
123
94
119
112
85
110
103
81
102
112
79
95
115
94
97
105
107
84
98
83
88
112
112
84
101
87
84
105
95
77
96
81
88
74
91
112
98
93
82
114
79
102
104
96
86
99
100
97
85
89
87
83
114
115
83
95
86
98
83
104
101
93
77
82
119
108
79
89
121
64
92
93
90
106
75
71
78
91
111
95
94
86
103
83
75
77
103
102
85
109
77
88
101
100
80
94
77
118
91
93
91
120
88
94
106
114
104
92
96
111
101
106
103
99
77
84
96
108
105
100
91
82
105
108
85
117
71
82
77
94
82
74
88
78
83
94
110
102
86
97
92
89
138
104
83
91
96
111
102
89
92
104
105
93
84
98
87
91
83
100
120
110
108
100
92
96
118
103
80
86
108
122
97
98
96
97
90
120
100
84
98
114
93
81
98
89
104
111
85
118
103
109
95
104
98
103
106
100
91
109
117
92
93
123
98
83
96
102
115
85
92
93
6642
106
109
108
76
86
75
98
75
98
90
82
96
105
80
93
79
102
96
102
91
79
95
96
83
90
86
86
101
88
80
96
93
69
109
77
122
67
80
81
76
94
104
90
88
85
83
102
87
108
94
104
111
94
107
105
100
86
88
105
87
93
81
101
74
107
102
86
119
104
95
129
99
89
98
109
105
117
114
100
79
89
93
91
104
107
102
80
98
87
75
95
103
111
98
110
88
106
78
99
82
83
83
89
88
103
106
103
80
92
80
93
89
134
84
89
87
99
91
111
103
96
86
101
113
99
100
82
87
79
120
95
104
99
101
107
102
116
107
88
78
89
107
97
108
80
94
117
112
87
112
115
114
119
96
93
80
106
98
79
115
97
115
91
113
101
77
101
89
118
94
106
100
100
80
81
100
89
74
95
103
89
98
102
104
99
101
93
113
106
93
87
113
105
83
99
97
123
74
86
110
109
100
98
79
112
83
104
95
113
88
74
79
90
85
90
102
99
85
121
103
97
106
84
106
88
100
96
118
122
83
94
105
89
81
104
97
115
103
108
103
105
105
104
93
117
107
97
95
82
103
110
106
86
111
112
103
82
92
104
116
103
81
114
100
106
111
97
101
100
115
94
93
73
75
90
101
97
98
96
95
95
75
75
105
84
99
108
100
81
131
97
88
97
63
90
84
84
80
100
103
85
92
118
98
95
83
82
113
90
106
94
95
96
88
97
106
93
70
97
100
110
110
105
116
78
91
97
101
103
100
94
104
104
95
110
101
102
83
109
119
89
110
111
87
108
90
88
93
116
92
84
91
122
88
102
108
96
111
132
99
91
91
93
94
99
79
104
89
96
118
96
98
115
100
92
123
103
83
86
94
98
84
91
106
76
91
98
78
108
97
105
93
97
112
108
90
95
79
85
90
94
100
98
105
101
87
115
81
78
86
78
106
108
114
99
96
89
107
109
125
100
112
118
87
88
86
92
102
108
101
116
80
106
93
93
86
113
75
125
100
94
81
99
108
77
108
104
113
76
100
105
97
83
107
96
90
109
111
87
88
91
140
79
100
84
95
127
116
102
81
91
87
82
102
108
84
93
106
104
115
98
93
89
98
82
89
109
104
106
97
93
96
102
86
101
91
90
106
78
94
109
105
83
105
94
91
123
72
91
110
99
121
94
98
93
104
89
70
112
97
102
98
93
100
99
117
127
73
92
103
109
103
86
112
100
91
100
87
118
90
113
66
102
103
89
109
95
97
90
98
149
90
90
94
93
84
87
117
99
98
96
99
90
106
93
83
95
86
94
80
77
104
99
112
94
103
104
86
89
83
96
90
98
77
106
95
90
99
88
102
87
99
85
132
79
74
74
86
90
105
72
98
102
93
99
77
98
85
111
101
102
109
82
98
106
86
76
92
100
87
104
101
88
105
106
107
108
99
84
86
79
125
114
116
101
115
106
81
103
111
119
85
99
111
94
103
100
106
105
74
87
103
96
80
92
67
91
95
91
97
85
113
99
121
99
92
88
97
92
101
106
78
86
84
123
90
129
108
98
68
84
126
105
120
95
93
92
111
84
123
86
99
114
99
110
94
105
107
101
83
101
95
105
85
96
111
92
92
101
91
98
112
101
104
103
105
108
105
99
106
103
100
97
95
72
99
97
103
79
101
103
87
132
88
88
94
83
107
78
112
100
92
108
96
98
105
93
108
95
96
91
99
87
97
89
118
90
97
99
87
106
84
91
98
88
92
96
82
99
130
81
83
83
98
89
79
98
100
98
98
97
85
97
100
86
100
100
85
124
98
97
106
70
108
86
99
95
109
100
93
131
82
104
91
84
88
90
93
84
85
98
99
108
108
89
98
81
84
85
106
98
83
88
100
99
98
73
113
111
91
59
79
82
86
91
122
115
94
93
87
76
108
111
93
92
81
80
94
86
97
94
98
96
106
85
106
83
103
105
112
95
87
108
100
80
75
95
97
98
90
101
107
96
82
100
109
104
105
92
88
116
85
92
98
85
86
102
97
103
101
126
92
115
102
77
90
76
74
83
83
125
96
113
89
97
96
98
100
112
82
94
91
119
100
111
93
84
72
110
104
99
107
94
103
95
99
85
92
115
95
97
93
92
105
96
94
105
101
87
110
126
93
97
109
96
112
92
108
99
103
98
89
87
97
96
92
97
120
114
93
96
104
92
103
113
106
112
75
98
77
80
102
114
122
100
95
83
103
92
95
82
101
85
108
95
91
88
106
87
87
101
100
98
113
89
98
83
86
75
82
82
126
114
89
109
96
90
76
90
84
95
98
93
76
88
110
111
112
84
81
105
70
100
95
92
132
106
86
114
97
98
82
98
101
86
98
89
104
108
89
106
101
123
85
93
132
84
103
76
79
81
89
104
103
116
74
89
91
98
80
91
82
86
116
94
82
78
104
121
95
97
98
89
91
73
92
108
106
99
80
89
80
103
89
90
114
78
83
118
90
88
96
104
89
100
102
114
102
100
76
94
95
110
118
103
115
79
96
127
91
104
108
85
115
101
118
114
119
87
99
113
86
98
87
81
111
2656
4828
4270
3898
6260
6111
6138
6079
5921
5330
5097
4998
5013
5046
5366
5765
6252
6709
6894
6949
7011
6997
6927
6927
6934
6758
6627
6566
6362
6342
6339
6197
6131
6159
6207
6217
6173
6360
6160
6082
6419
6466
6488
6607
6490
6551
6655
6700
6203
6204
6297
6066
3973
2428
1136
285
101
116
94
107
117
104
107
89
93
125
87
101
81
96
77
97
107
75
83
77
101
87
74
89
100
104
85
108
102
100
100
81
111
91
104
100
97
94
107
90
76
99
104
87
92
124
108
85
96
138
95
95
90
81
80
108
100
81
73
113
84
107
91
104
81
88
91
105
115
113
97
82
101
127
88
108
101
95
88
111
114
95
87
98
121
80
80
117
95
77
103
107
109
101
91
91
83
105
116
107
99
108
77
109
107
106
82
103
89
94
107
104
107
127
91
104
98
88
81
92
96
94
88
99
112
92
120
120
117
102
104
112
104
99
113
97
99
86
112
101
83
109
79
104
106
85
79
78
99
113
119
104
106
101
89
121
87
81
110
100
77
104
95
124
81
94
99
110
86
90
108
100
108
96
92
89
80
103
97
106
107
87
95
116
73
112
111
118
92
106
94
103
94
94
117
77
92
81
101
106
114
100
95
114
91
104
115
104
81
90
111
100
88
105
125
116
104
101
95
107
104
101
93
76
105
97
112
75
91
101
103
92
87
97
102
100
87
93
96
85
108
93
89
86
96
114
104
96
102
112
86
95
107
90
99
96
100
118
100
107
97
125
102
93
115
74
98
100
90
114
117
77
98
104
100
97
107
108
111
72
80
108
84
138
83
87
91
88
96
82
104
74
82
122
106
94
104
111
131
105
98
113
106
104
89
89
120
110
95
80
113
94
108
85
84
104
93
116
81
112
103
98
86
108
87
85
101
88
84
105
104
103
87
87
101
102
98
124
100
106
101
117
106
108
109
104
102
90
96
83
102
115
76
92
85
99
82
88
107
88
75
100
87
113
112
93
100
92
91
88
120
109
99
89
91
94
118
109
117
83
81
116
113
105
91
83
87
101
128
99
115
100
105
106
87
83
79
103
104
124
101
84
91
96
97
111
79
82
113
114
75
79
110
93
102
120
75
108
100
110
93
95
93
104
112
79
88
81
88
89
95
82
87
85
105
93
100
99
105
106
86
91
116
121
88
107
75
105
123
83
90
98
91
128
90
101
115
89
111
91
98
107
104
114
135
110
97
130
106
99
88
98
126
96
125
97
84
113
98
75
110
100
102
100
90
95
85
85
87
97
78
89
97
100
108
85
92
110
86
103
82
100
106
97
87
82
91
88
85
90
97
72
103
96
104
75
95
115
81
91
105
73
61
111
94
102
119
88
82
104
110
104
94
108
88
107
89
112
100
103
88
92
106
83
91
89
107
79
112
116
115
78
107
90
115
85
87
98
105
81
112
90
93
106
84
113
77
96
86
82
85
84
120
71
81
92
120
124
99
81
87
113
96
98
95
111
114
87
110
110
100
90
92
90
130
117
82
93
111
83
85
101
86
108
89
82
100
100
107
91
117
83
109
79
94
115
104
89
111
86
91
102
81
116
121
108
116
114
107
100
85
85
104
112
80
84
87
109
109
94
85
77
80
102
96
99
93
105
86
107
113
81
92
108
85
106
95
96
122
111
99
114
96
79
109
102
92
96
91
102
104
91
104
107
106
79
103
102
101
69
97
118
96
94
101
99
97
83
107
84
113
88
98
78
126
101
90
97
100
103
103
96
94
105
120
116
85
103
108
87
114
89
87
95
101
115
115
134
75
87
95
138
99
84
105
110
109
113
121
97
100
79
87
79
93
98
108
80
88
120
99
102
108
92
108
94
101
111
98
116
96
108
97
103
106
97
117
118
112
99
79
106
88
109
76
90
106
89
89
115
90
100
93
72
106
71
102
93
82
106
86
101
114
97
69
88
102
90
89
100
112
113
110
104
108
98
85
102
81
109
93
80
112
98
103
102
101
100
87
76
101
71
94
91
86
95
100
84
114
89
86
88
98
98
77
96
94
111
101
89
97
94
73
98
101
106
112
105
100
104
99
74
100
120
90
109
97
79
82
98
91
100
100
85
110
86
112
103
76
88
75
112
90
103
103
95
83
88
119
88
100
109
101
134
114
94
110
119
93
104
82
97
123
130
107
89
78
111
92
88
101
97
84
106
85
105
92
89
95
98
84
113
103
85
96
112
90
79
116
117
91
88
79
109
109
81
90
97
106
96
85
80
80
106
86
135
102
108
85
105
87
79
97
101
96
75
106
105
86
89
82
97
90
115
101
118
92
98
108
105
96
95
82
96
67
120
86
95
101
76
96
98
100
105
93
104
78
93
99
97
95
100
107
90
96
89
93
99
83
101
85
108
112
100
96
104
92
100
119
73
113
78
109
84
70
96
97
121
87
100
115
67
87
91
99
100
98
96
84
117
89
93
99
120
93
101
88
91
97
100
101
106
97
99
104
109
102
85
92
75
114
92
72
93
90
81
93
84
82
104
99
114
105
90
100
91
94
136
90
102
100
98
98
96
94
105
84
105
106
90
137
97
96
89
96
95
97
98
78
100
88
99
108
106
108
90
98
81
118
71
92
102
102
101
70
92
106
88
113
77
95
81
122
75
107
86
90
91
82
88
109
121
85
97
99
119
111
105
89
83
97
110
102
96
74
95
97
77
102
90
112
86
84
101
101
96
85
89
105
102
96
105
108
78
112
106
113
108
95
87
91
99
101
99
90
99
99
99
105
77
88
81
103
104
94
85
91
107
89
83
114
92
100
91
119
93
122
95
83
117
97
106
105
108
97
84
67
87
97
87
122
135
99
97
124
90
101
101
123
80
87
89
108
92
89
78
87
96
107
101
105
105
110
96
103
85
88
93
114
83
84
116
107
104
96
126
87
113
103
99
87
110
88
107
86
102
89
98
90
97
111
72
113
116
103
112
112
111
101
112
69
89
98
89
98
87
102
101
90
127
120
100
89
89
111
94
116
104
115
88
100
100
108
115
86
120
107
116
65
69
98
93
115
113
122
100
91
88
104
76
85
108
102
87
101
115
98
100
91
87
93
93
96
105
109
77
85
79
81
84
96
80
101
104
98
109
89
103
81
103
93
99
80
105
83
109
120
109
120
102
96
95
101
141
103
93
94
83
82
108
104
91
91
106
100
115
77
88
140
101
121
104
100
106
93
115
111
115
110
102
90
103
107
89
111
107
114
98
89
109
97
88
86
88
86
120
106
95
78
96
102
109
104
91
119
117
103
93
98
104
120
110
112
108
91
122
90
111
94
101
85
80
91
113
103
75
75
97
110
78
111
110
83
100
112
97
103
92
104
98
95
88
87
85
80
79
92
69
102
112
109
107
90
87
94
90
106
115
101
94
83
83
98
102
95
93
104
112
97
76
118
96
84
115
107
103
93
94
76
95
80
102
114
103
122
108
91
109
108
100
115
103
90
92
95
82
101
104
106
89
110
105
113
109
82
90
93
103
92
101
89
99
116
95
112
85
91
99
109
109
104
94
97
110
77
95
92
96
124
114
92
110
110
106
109
94
90
97
80
112
92
98
96
92
87
125
97
81
99
100
98
90
92
104
96
106
91
104
93
117
107
96
99
110
109
83
111
102
109
105
103
102
91
86
100
94
97
128
101
103
112
80
82
88
104
104
71
85
101
103
112
99
89
104
94
105
97
109
94
83
87
87
89
101
99
97
96
106
105
83
113
93
127
103
96
111
111
118
116
101
103
103
93
94
73
98
88
98
101
106
87
90
96
115
101
97
97
103
100
104
112
109
106
116
76
93
117
123
75
89
88
88
130
89
100
109
111
109
118
96
128
93
99
118
106
98
88
76
104
85
98
92
96
114
97
102
98
107
111
110
96
105
107
88
102
116
106
89
114
95
119
87
129
105
121
98
95
113
92
113
94
111
90
105
138
96
102
99
120
99
86
99
94
84
92
107
93
94
108
118
113
110
105
102
101
78
76
103
86
110
82
67
113
95
99
105
92
64
102
97
81
77
100
104
80
93
78
103
97
84
102
97
71
99
110
107
87
98
82
103
91
88
102
100
90
80
89
101
99
94
90
94
105
95
90
100
93
103
88
87
84
71
84
97
82
115
71
88
87
91
108
111
84
77
72
97
84
99
106
103
104
93
89
105
95
96
86
116
115
107
113
120
101
104
104
123
99
117
115
111
108
107
134
119
93
69
111
120
79
134
95
99
101
90
100
74
86
121
109
74
88
90
79
94
82
104
96
91
85
93
90
88
81
110
99
108
111
90
70
98
82
80
96
104
101
87
108
101
85
89
88
96
104
95
109
114
91
109
134
107
111
96
87
97
87
91
82
100
97
98
98
119
94
116
105
110
84
83
81
99
95
100
105
95
99
80
118
83
89
121
112
111
100
107
107
80
100
98
100
107
90
109
101
78
117
83
85
98
97
99
103
80
109
119
128
100
96
101
104
98
123
116
78
91
96
105
96
99
104
117
92
95
94
122
101
109
74
94
113
107
108
102
106
105
119
105
128
100
116
83
106
82
87
88
104
121
102
97
82
93
82
71
106
112
83
98
91
105
113
105
77
89
93
108
85
102
100
93
120
80
99
87
91
93
86
85
95
88
97
100
87
90
100
102
85
109
95
105
103
124
105
116
85
101
100
82
108
97
89
97
122
103
93
102
100
87
118
89
106
77
85
104
111
84
113
103
85
102
102
78
105
95
108
101
108
87
91
103
93
115
91
107
109
96
102
93
99
103
79
116
110
85
88
78
116
105
107
90
86
98
101
111
120
104
89
91
110
80
100
85
106
94
97
110
82
101
97
79
109
112
107
96
106
114
107
94
98
82
101
115
100
96
106
92
96
108
103
97
91
106
111
142
89
104
123
98
141
90
87
100
90
98
92
85
96
105
82
107
95
99
98
127
84
113
99
96
114
106
96
112
101
132
103
102
107
95
111
112
104
106
120
98
110
117
116
105
98
98
112
71
116
106
86
105
90
87
85
101
117
89
111
101
108
84
108
93
88
108
109
104
84
87
123
109
102
85
87
83
109
95
92
96
87
75
116
86
71
86
80
87
95
136
111
90
86
91
97
106
100
81
114
97
78
82
125
94
104
70
90
117
111
109
107
81
116
113
115
86
101
99
89
100
125
100
103
87
103
79
107
110
87
95
105
132
93
103
101
94
121
82
114
99
98
100
73
93
91
88
101
79
101
104
94
86
83
111
107
108
112
100
97
95
87
103
107
89
85
93
113
97
110
113
88
69
87
104
110
99
105
108
90
88
81
100
120
99
99
110
99
97
135
108
96
87
91
114
87
92
106
114
113
97
109
101
108
104
117
83
121
114
98
100
109
92
82
75
90
109
87
108
106
118
100
100
85
102
87
113
92
123
110
98
88
68
84
88
102
110
86
85
95
96
111
107
78
111
87
100
113
93
98
63
84
86
101
109
88
94
84
91
113
110
85
79
112
91
95
92
86
86
117
98
106
98
118
110
85
96
106
78
87
88
109
110
104
101
81
90
113
87
110
93
79
91
97
83
92
108
105
117
98
86
82
128
112
120
97
83
85
72
92
107
81
99
91
111
73
92
114
79
116
84
85
99
109
112
86
112
82
95
99
94
102
103
96
87
97
98
100
106
106
88
102
104
107
97
89
87
78
108
104
85
80
100
88
101
97
106
82
113
95
97
90
78
74
102
77
97
108
94
129
109
82
95
94
84
103
93
94
75
110
106
94
130
91
90
101
88
86
107
99
95
112
91
128
96
71
126
83
114
93
101
101
111
105
96
93
91
76
115
111
87
100
117
77
104
103
133
97
82
81
100
92
98
101
116
95
92
130
99
106
90
110
90
102
80
83
105
87
121
101
102
79
103
114
92
91
115
101
93
99
96
108
94
97
92
128
99
109
99
103
113
88
123
103
96
101
86
97
100
109
100
86
94
96
70
82
121
97
63
93
106
88
86
102
100
87
117
87
106
90
99
94
94
102
116
103
83
101
108
105
112
93
92
114
121
81
88
81
77
83
92
106
101
108
98
95
99
95
95
76
94
103
89
105
90
90
131
87
87
100
90
95
104
92
82
86
76
100
110
117
84
98
92
99
104
97
117
120
124
102
95
103
121
81
119
97
110
89
85
74
87
95
100
86
109
93
108
91
74
113
106
80
105
83
115
106
107
119
102
73
108
89
100
98
107
97
95
97
127
83
84
86
107
90
112
97
96
103
101
95
110
102
100
97
86
97
108
103
91
99
107
91
97
114
106
103
75
87
92
125
89
125
106
81
105
102
107
97
115
107
89
90
88
81
105
105
76
121
79
83
98
99
108
105
131
121
92
97
101
89
94
90
108
104
88
90
101
105
94
87
89
86
75
83
105
82
77
96
108
113
89
97
107
92
108
109
105
91
109
85
121
77
116
104
100
112
90
107
76
108
91
109
116
122
124
77
89
101
75
107
93
117
76
110
111
100
112
94
105
91
85
102
115
89
91
90
90
110
102
95
109
84
109
123
107
102
79
101
84
102
90
91
85
93
93
125
95
111
84
90
97
102
103
111
102
95
103
90
103
117
124
104
108
118
84
94
85
76
100
86
125
82
84
101
99
87
84
78
97
90
87
109
88
106
91
99
77
95
93
98
96
104
97
92
112
110
81
116
90
91
95
103
98
102
111
91
87
74
94
87
99
91
93
85
69
101
80
103
110
104
114
91
98
126
120
94
110
84
96
95
116
130
111
113
83
109
88
94
100
113
77
101
93
126
86
105
89
79
90
102
87
97
91
93
115
82
106
97
103
102
110
95
114
80
102
112
97
108
93
104
127
63
111
115
138
75
80
95
94
99
82
80
