Voltage U1	Current IA
U1/V	IA/nA

0,02	0,24
0,04	0,27
0,07	0,28
0,09	0,33
0,12	0,33
0,14	0,31
0,17	0,34
0,19	0,35
0,21	0,34
0,24	0,36
0,26	0,31
0,29	0,34
0,31	0,33
0,34	0,29
0,36	0,29
0,39	0,28
0,41	0,28
0,43	0,33
0,46	0,32
0,48	0,32
0,51	0,33
0,53	0,33
0,56	0,34
0,58	0,35
0,61	0,33
0,63	0,32
0,65	0,31
0,68	0,31
0,70	0,32
0,73	0,32
0,75	0,32
0,78	0,32
0,80	0,32
0,83	0,34
0,85	0,34
0,87	0,33
0,90	0,36
0,92	0,34
0,95	0,34
0,97	0,34
1,00	0,30
1,02	0,29
1,05	0,30
1,07	0,27
1,09	0,28
1,12	0,27
1,14	0,27
1,17	0,34
1,19	0,34
1,22	0,33
1,24	0,33
1,26	0,33
1,29	0,36
1,31	0,35
1,34	0,33
1,36	0,33
1,39	0,33
1,41	0,32
1,44	0,34
1,46	0,34
1,48	0,34
1,51	0,33
1,53	0,33
1,56	0,35
1,58	0,34
1,61	0,33
1,63	0,36
1,66	0,37
1,68	0,37
1,70	0,36
1,73	0,32
1,75	0,33
1,78	0,33
1,80	0,29
1,83	0,29
1,85	0,27
1,88	0,28
1,90	0,34
1,92	0,34
1,95	0,33
1,97	0,34
2,00	0,33
2,02	0,35
2,05	0,35
2,07	0,32
2,10	0,31
2,12	0,31
2,14	0,30
2,17	0,32
2,19	0,32
2,22	0,33
2,24	0,33
2,27	0,33
2,29	0,34
2,31	0,34
2,34	0,32
2,36	0,37
2,39	0,35
2,41	0,36
2,44	0,35
2,46	0,32
2,49	0,31
2,51	0,31
2,53	0,27
2,56	0,28
2,58	0,26
2,61	0,27
2,63	0,34
2,66	0,35
2,68	0,35
2,71	0,35
2,73	0,34
2,75	0,36
2,78	0,36
2,80	0,32
2,83	0,32
2,85	0,30
2,88	0,30
2,90	0,32
2,93	0,32
2,95	0,32
2,97	0,32
3,00	0,32
3,02	0,34
3,05	0,34
3,07	0,33
3,10	0,36
3,12	0,35
3,15	0,36
3,17	0,36
3,19	0,31
3,22	0,32
3,24	0,31
3,27	0,30
3,29	0,29
3,32	0,26
3,34	0,26
3,36	0,32
3,39	0,34
3,41	0,32
3,44	0,32
3,46	0,33
3,49	0,36
3,51	0,37
3,54	0,32
3,56	0,31
3,58	0,30
3,61	0,30
3,63	0,30
3,66	0,30
3,68	0,31
3,71	0,31
3,73	0,32
3,76	0,34
3,78	0,34
3,80	0,34
3,83	0,36
3,85	0,35
3,88	0,35
3,90	0,34
3,93	0,30
3,95	0,29
3,98	0,29
4,00	0,26
4,02	0,29
4,05	0,27
4,07	0,28
4,10	0,36
4,12	0,35
4,15	0,35
4,17	0,34
4,20	0,34
4,22	0,36
4,24	0,34
4,27	0,31
4,29	0,32
4,32	0,32
4,34	0,32
4,37	0,33
4,39	0,34
4,42	0,33
4,44	0,32
4,46	0,29
4,49	0,32
4,51	0,31
4,54	0,30
4,56	0,35
4,59	0,34
4,61	0,35
4,63	0,37
4,66	0,32
4,68	0,35
4,71	0,32
4,73	0,28
4,76	0,29
4,78	0,26
4,81	0,26
4,83	0,33
4,85	0,33
4,88	0,33
4,90	0,34
4,93	0,34
4,95	0,36
4,98	0,37
5,00	0,33
5,03	0,32
5,05	0,30
5,07	0,30
5,10	0,32
5,12	0,32
5,15	0,32
5,17	0,31
5,20	0,32
5,22	0,35
5,25	0,34
5,27	0,32
5,29	0,35
5,32	0,34
5,34	0,34
5,37	0,33
5,39	0,32
5,42	0,33
5,44	0,32
5,47	0,30
5,49	0,32
5,51	0,28
5,54	0,29
5,56	0,33
5,59	0,33
5,61	0,33
5,64	0,32
5,66	0,31
5,68	0,35
5,71	0,34
5,73	0,30
5,76	0,31
5,78	0,29
5,81	0,29
5,83	0,31
5,86	0,32
5,88	0,32
5,90	0,32
5,93	0,32
5,95	0,36
5,98	0,36
6,00	0,34
6,03	0,33
6,05	0,33
6,08	0,33
6,10	0,34
6,12	0,32
6,15	0,32
6,17	0,31
6,20	0,31
6,22	0,33
6,25	0,29
6,27	0,29
6,30	0,32
6,32	0,32
6,34	0,32
6,37	0,32
6,39	0,31
6,42	0,35
6,44	0,35
6,47	0,32
6,49	0,32
6,52	0,31
6,54	0,31
6,56	0,34
6,59	0,32
6,61	0,32
6,64	0,32
6,66	0,31
6,69	0,35
6,71	0,35
6,73	0,33
6,76	0,33
6,78	0,32
6,81	0,33
6,83	0,33
6,86	0,31
6,88	0,31
6,91	0,30
6,93	0,30
6,95	0,32
6,98	0,28
7,00	0,29
7,03	0,33
7,05	0,34
7,08	0,34
7,10	0,34
7,13	0,33
7,15	0,37
7,17	0,36
7,20	0,31
7,22	0,31
7,25	0,28
7,27	0,28
7,30	0,31
7,32	0,31
7,35	0,32
7,37	0,32
7,39	0,33
7,42	0,36
7,44	0,36
7,47	0,33
7,49	0,32
7,52	0,31
7,54	0,31
7,57	0,31
7,59	0,31
7,61	0,31
7,64	0,30
7,66	0,30
7,69	0,33
7,71	0,29
7,74	0,29
7,76	0,31
7,78	0,33
7,81	0,32
7,83	0,34
7,86	0,33
7,88	0,38
7,91	0,38
7,93	0,32
7,96	0,32
7,98	0,29
8,00	0,29
8,03	0,31
8,05	0,30
8,08	0,32
8,10	0,33
8,13	0,33
8,15	0,37
8,18	0,38
8,20	0,36
8,22	0,35
8,25	0,32
8,27	0,32
8,30	0,32
8,32	0,31
8,35	0,30
8,37	0,29
8,40	0,30
8,42	0,34
8,44	0,31
8,47	0,31
8,49	0,34
8,52	0,32
8,54	0,32
8,57	0,32
8,59	0,31
8,62	0,33
8,64	0,33
8,66	0,31
8,69	0,32
8,71	0,30
8,74	0,29
8,76	0,32
8,79	0,33
8,81	0,32
8,84	0,31
8,86	0,31
8,88	0,36
8,91	0,36
8,93	0,33
8,96	0,34
8,98	0,32
9,01	0,33
9,03	0,33
9,05	0,29
9,08	0,32
9,10	0,29
9,13	0,30
9,15	0,33
9,18	0,30
9,20	0,29
9,23	0,29
9,25	0,29
9,27	0,30
9,30	0,30
9,32	0,29
9,35	0,32
9,37	0,31
9,40	0,32
9,42	0,32
9,45	0,29
9,47	0,29
9,49	0,32
9,52	0,33
9,54	0,34
9,57	0,33
9,59	0,33
9,62	0,38
9,64	0,37
9,67	0,34
9,69	0,33
9,71	0,30
9,74	0,32
9,76	0,31
9,79	0,30
9,81	0,31
9,84	0,29
9,86	0,30
9,89	0,33
9,91	0,30
9,93	0,30
9,96	0,30
9,98	0,30
10,01	0,31
10,03	0,31
10,06	0,30
10,08	0,33
10,10	0,32
10,13	0,31
10,15	0,31
10,18	0,27
10,20	0,27
10,23	0,30
10,25	0,30
10,28	0,32
10,30	0,32
10,32	0,32
10,35	0,38
10,37	0,38
10,40	0,35
10,42	0,35
10,45	0,31
10,47	0,31
10,50	0,31
10,52	0,29
10,54	0,29
10,57	0,28
10,59	0,29
10,62	0,34
10,64	0,34
10,67	0,33
10,69	0,34
10,72	0,33
10,74	0,33
10,76	0,32
10,79	0,30
10,81	0,31
10,84	0,30
10,86	0,30
10,89	0,32
10,91	0,29
10,94	0,29
10,96	0,34
10,98	0,34
11,01	0,34
11,03	0,34
11,06	0,33
11,08	0,39
11,11	0,38
11,13	0,34
11,15	0,34
11,18	0,32
11,20	0,32
11,23	0,32
11,25	0,29
11,28	0,30
11,30	0,30
11,33	0,30
11,35	0,33
11,37	0,32
11,40	0,32
11,42	0,32
11,45	0,31
11,47	0,32
11,50	0,33
11,52	0,32
11,55	0,32
11,57	0,31
11,59	0,31
11,62	0,32
11,64	0,28
11,67	0,28
11,69	0,32
11,72	0,32
11,74	0,34
11,77	0,35
11,79	0,35
11,81	0,41
11,84	0,40
11,86	0,37
11,89	0,37
11,91	0,34
11,94	0,33
11,96	0,33
11,99	0,31
12,01	0,31
12,03	0,29
12,06	0,29
12,08	0,34
12,11	0,34
12,13	0,34
12,16	0,35
12,18	0,35
12,21	0,35
12,23	0,37
12,25	0,34
12,28	0,36
12,30	0,36
12,33	0,34
12,35	0,35
12,38	0,32
12,40	0,32
12,42	0,34
12,45	0,34
12,47	0,34
12,50	0,35
12,52	0,35
12,55	0,41
12,57	0,40
12,60	0,38
12,62	0,36
12,64	0,33
12,67	0,33
12,69	0,33
12,72	0,30
12,74	0,31
12,77	0,30
12,79	0,31
12,82	0,37
12,84	0,35
12,86	0,35
12,89	0,35
12,91	0,33
12,94	0,34
12,96	0,34
12,99	0,32
13,01	0,33
13,04	0,33
13,06	0,33
13,08	0,34
13,11	0,35
13,13	0,34
13,16	0,36
13,18	0,35
13,21	0,36
13,23	0,36
13,26	0,34
13,28	0,37
13,30	0,37
13,33	0,34
13,35	0,35
13,38	0,30
13,40	0,32
13,43	0,31
13,45	0,26
13,47	0,28
13,50	0,26
13,52	0,26
13,55	0,32
13,57	0,32
13,60	0,33
13,62	0,34
13,65	0,34
13,67	0,36
13,69	0,36
13,72	0,33
13,74	0,33
13,77	0,32
13,79	0,31
13,82	0,32
13,84	0,32
13,87	0,32
13,89	0,32
13,91	0,33
13,94	0,34
13,96	0,35
13,99	0,35
14,01	0,37
14,04	0,36
14,06	0,36
14,09	0,36
14,11	0,32
14,13	0,32
14,16	0,32
14,18	0,29
14,21	0,31
14,23	0,29
14,26	0,29
14,28	0,36
14,31	0,36
14,33	0,36
14,35	0,35
14,38	0,35
14,40	0,37
14,43	0,37
14,45	0,34
14,48	0,34
14,50	0,35
14,52	0,35
14,55	0,37
14,57	0,37
14,60	0,37
14,62	0,37
14,65	0,37
14,67	0,39
14,70	0,38
14,72	0,37
14,74	0,42
14,77	0,42
14,79	0,43
14,82	0,43
14,84	0,40
14,87	0,41
14,89	0,41
14,92	0,37
14,94	0,37
14,96	0,36
14,99	0,36
15,01	0,43
15,04	0,44
15,06	0,44
15,09	0,45
15,11	0,44
15,14	0,47
15,16	0,47
15,18	0,44
15,21	0,45
15,23	0,44
15,26	0,45
15,28	0,48
15,31	0,49
15,33	0,49
15,36	0,50
15,38	0,50
15,40	0,52
15,43	0,52
15,45	0,52
15,48	0,55
15,50	0,55
15,53	0,56
15,55	0,57
15,57	0,54
15,60	0,55
15,62	0,55
15,65	0,53
15,67	0,54
15,70	0,53
15,72	0,54
15,75	0,61
15,77	0,61
15,79	0,62
15,82	0,63
15,84	0,63
15,87	0,67
15,89	0,68
15,92	0,66
15,94	0,68
15,97	0,68
15,99	0,69
16,01	0,72
16,04	0,73
16,06	0,74
16,09	0,74
16,11	0,75
16,14	0,79
16,16	0,79
16,19	0,79
16,21	0,84
16,23	0,85
16,26	0,87
16,28	0,88
16,31	0,85
16,33	0,87
16,36	0,88
16,38	0,86
16,41	0,88
16,43	0,87
16,45	0,89
16,48	0,97
16,50	0,98
16,53	1,00
16,55	1,06
16,58	1,04
16,60	1,12
16,63	1,11
16,65	1,05
16,67	1,06
16,70	0,99
16,72	0,99
16,75	1,00
16,77	0,97
16,80	1,00
16,82	1,02
16,84	1,06
16,87	1,09
16,89	1,12
16,92	1,13
16,94	1,14
16,97	1,13
16,99	1,10
17,02	1,12
17,04	1,08
17,06	1,08
17,09	1,10
17,11	1,09
17,14	1,13
17,16	1,10
17,19	1,09
17,21	1,17
17,24	1,12
17,26	1,11
17,28	1,06
17,31	1,06
17,33	1,08
17,36	1,05
17,38	1,02
17,41	1,01
17,43	0,99
17,46	0,95
17,48	0,94
17,50	0,94
17,53	0,89
17,55	0,86
17,58	0,80
17,60	0,83
17,63	0,81
17,65	0,75
17,68	0,77
17,70	0,72
17,72	0,73
17,75	0,72
17,77	0,67
17,80	0,69
17,82	0,64
17,85	0,63
17,87	0,63
17,89	0,58
17,92	0,57
17,94	0,59
17,97	0,58
17,99	0,57
18,02	0,57
18,04	0,55
18,07	0,58
18,09	0,57
18,11	0,52
18,14	0,51
18,16	0,49
18,19	0,48
18,21	0,50
18,24	0,49
18,26	0,49
18,29	0,49
18,31	0,48
18,33	0,51
18,36	0,50
18,38	0,48
18,41	0,47
18,43	0,46
18,46	0,46
18,48	0,46
18,51	0,45
18,53	0,45
18,55	0,45
18,58	0,45
18,60	0,48
18,63	0,44
18,65	0,45
18,68	0,49
18,70	0,49
18,73	0,49
18,75	0,49
18,77	0,47
18,80	0,51
18,82	0,51
18,85	0,47
18,87	0,48
18,90	0,47
18,92	0,48
18,94	0,52
18,97	0,53
18,99	0,54
19,02	0,54
19,04	0,56
19,07	0,59
19,09	0,59
19,12	0,57
19,14	0,58
19,16	0,58
19,19	0,59
19,21	0,60
19,24	0,60
19,26	0,62
19,29	0,63
19,31	0,64
19,34	0,68
19,36	0,66
19,38	0,66
19,41	0,71
19,43	0,72
19,46	0,74
19,48	0,75
19,51	0,76
19,53	0,81
19,56	0,83
19,58	0,81
19,60	0,82
19,63	0,83
19,65	0,84
19,68	0,88
19,70	0,89
19,73	0,91
19,75	0,93
19,78	0,95
19,80	1,00
19,82	1,03
19,85	1,03
19,87	1,05
19,90	1,05
19,92	1,09
19,95	1,10
19,97	1,11
19,99	1,14
20,02	1,15
20,04	1,18
20,07	1,21
20,09	1,20
20,12	1,22
20,14	1,28
20,17	1,30
20,19	1,32
20,21	1,35
20,24	1,38
20,26	1,44
20,29	1,47
20,31	1,46
20,34	1,49
20,36	1,49
20,39	1,52
20,41	1,57
20,43	1,60
20,46	1,63
20,48	1,66
20,51	1,70
20,53	1,77
20,56	1,80
20,58	1,81
20,61	1,83
20,63	1,86
20,65	1,88
20,68	1,92
20,70	1,94
20,73	1,97
20,75	2,00
20,78	2,05
20,80	2,04
20,83	2,07
20,85	2,04
20,87	2,08
20,90	2,11
20,92	2,11
20,95	2,16
20,97	2,19
21,00	2,25
21,02	2,30
21,05	2,30
21,07	2,33
21,09	2,30
21,12	2,33
21,14	2,38
21,17	2,41
21,19	2,47
21,22	2,52
21,24	2,59
21,26	2,65
21,29	2,71
21,31	2,72
21,34	2,75
21,36	2,76
21,39	2,77
21,41	2,82
21,44	2,85
21,46	2,88
21,48	2,94
21,51	2,99
21,53	3,08
21,56	3,07
21,58	3,11
21,61	3,16
21,63	3,19
21,66	3,23
21,68	3,24
21,70	3,30
21,73	3,38
21,75	3,42
21,78	3,45
21,80	3,49
21,83	3,51
21,85	3,51
21,88	3,55
21,90	3,54
21,92	3,55
21,95	3,57
21,97	3,54
22,00	3,63
22,02	3,63
22,05	3,61
22,07	3,60
22,10	3,49
22,12	3,53
22,14	3,46
22,17	3,39
22,19	3,37
22,22	3,25
22,24	3,27
22,27	3,26
22,29	3,17
22,31	3,10
22,34	3,01
22,36	2,94
22,39	2,87
22,41	2,79
22,44	2,69
22,46	2,63
22,49	2,55
22,51	2,48
22,53	2,41
22,56	2,29
22,58	2,21
22,61	2,19
22,63	2,12
22,66	2,07
22,68	2,00
22,71	1,93
22,73	1,95
22,75	1,88
22,78	1,77
22,80	1,71
22,83	1,62
22,85	1,58
22,88	1,52
22,90	1,44
22,93	1,41
22,95	1,35
22,97	1,29
23,00	1,29
23,02	1,23
23,05	1,19
23,07	1,15
23,10	1,10
23,12	1,08
23,15	1,05
23,17	1,00
23,19	0,98
23,22	0,96
23,24	0,92
23,27	0,89
23,29	0,83
23,32	0,81
23,34	0,83
23,36	0,81
23,39	0,80
23,41	0,80
23,44	0,79
23,46	0,84
23,49	0,84
23,51	0,80
23,54	0,79
23,56	0,76
23,58	0,76
23,61	0,76
23,63	0,73
23,66	0,73
23,68	0,73
23,71	0,74
23,73	0,79
23,76	0,79
23,78	0,80
23,80	0,81
23,83	0,82
23,85	0,83
23,88	0,84
23,90	0,83
23,93	0,84
23,95	0,84
23,98	0,85
24,00	0,88
24,02	0,87
24,05	0,88
24,07	0,94
24,10	0,97
24,12	1,00
24,15	1,01
24,17	1,03
24,20	1,10
24,22	1,14
24,24	1,12
24,27	1,14
24,29	1,14
24,32	1,18
24,34	1,21
24,37	1,20
24,39	1,23
24,42	1,24
24,44	1,26
24,46	1,31
24,49	1,33
24,51	1,35
24,54	1,39
24,56	1,42
24,59	1,47
24,61	1,51
24,63	1,54
24,66	1,58
24,68	1,61
24,71	1,64
24,73	1,66
24,76	1,67
24,78	1,71
24,81	1,77
24,83	1,80
24,85	1,84
24,88	1,88
24,90	1,92
24,93	2,00
24,95	2,04
24,98	2,05
25,00	2,09
25,03	2,08
25,05	2,15
25,07	2,16
25,10	2,19
25,12	2,22
25,15	2,23
25,17	2,28
25,20	2,34
25,22	2,38
25,25	2,41
25,27	2,45
25,29	2,51
25,32	2,56
25,34	2,63
25,37	2,65
25,39	2,70
25,42	2,74
25,44	2,77
25,47	2,81
25,49	2,83
25,51	2,89
25,54	2,95
25,56	3,00
25,59	3,07
25,61	3,14
25,64	3,21
25,66	3,28
25,68	3,33
25,71	3,36
25,73	3,40
25,76	3,41
25,78	3,44
25,81	3,51
25,83	3,55
25,86	3,59
25,88	3,65
25,90	3,72
25,93	3,84
25,95	3,88
25,98	3,92
26,00	3,96
26,03	4,03
26,05	4,08
26,08	4,11
26,10	4,18
26,12	4,25
26,15	4,33
26,17	4,38
26,20	4,44
26,22	4,53
26,25	4,57
26,27	4,62
26,30	4,65
26,32	4,73
26,34	4,80
26,37	4,86
26,39	4,96
26,42	5,02
26,44	5,11
26,47	5,22
26,49	5,20
26,52	5,30
26,54	5,32
26,56	5,36
26,59	5,41
26,61	5,41
26,64	5,46
26,66	5,55
26,69	5,60
26,71	5,64
26,73	5,68
26,76	5,71
26,78	5,74
26,81	5,76
26,83	5,74
26,86	5,74
26,88	5,72
26,91	5,70
26,93	5,70
26,95	5,67
26,98	5,64
27,00	5,60
27,03	5,55
27,05	5,53
27,08	5,47
27,10	5,38
27,13	5,36
27,15	5,26
27,17	5,17
27,20	5,08
27,22	4,91
27,25	4,81
27,27	4,71
27,30	4,55
27,32	4,48
27,35	4,34
27,37	4,25
27,39	4,26
27,42	4,17
27,44	4,08
27,47	4,00
27,49	3,90
27,52	3,86
27,54	3,76
27,57	3,61
27,59	3,51
27,61	3,39
27,64	3,29
27,66	3,23
27,69	3,15
27,71	3,07
27,74	2,98
27,76	2,89
27,78	2,85
27,81	2,76
27,83	2,64
27,86	2,61
27,88	2,49
27,91	2,41
27,93	2,31
27,96	2,18
27,98	2,11
28,00	2,01
28,03	1,89
28,05	1,87
28,08	1,78
28,10	1,73
28,13	1,75
28,15	1,70
28,18	1,68
28,20	1,64
28,22	1,59
28,25	1,59
28,27	1,56
28,30	1,50
28,32	1,48
28,35	1,43
28,37	1,41
28,40	1,40
28,42	1,37
28,44	1,36
28,47	1,35
28,49	1,33
28,52	1,33
28,54	1,32
28,57	1,30
28,59	1,33
28,62	1,32
28,64	1,31
28,66	1,31
28,69	1,27
28,71	1,27
28,74	1,27
28,76	1,24
28,79	1,26
28,81	1,25
28,84	1,26
28,86	1,35
28,88	1,37
28,91	1,39
28,93	1,41
28,96	1,42
28,98	1,47
29,01	1,50
29,03	1,48
29,05	1,50
29,08	1,52
29,10	1,55
29,13	1,59
29,15	1,61
29,18	1,64
29,20	1,67
29,23	1,70
29,25	1,74
29,27	1,77
29,30	1,79
29,32	1,85
29,35	1,89
29,37	1,92
29,40	1,96
29,42	1,96
29,45	2,02
29,47	2,05
29,49	2,06
29,52	2,10
29,54	2,10
29,57	2,14
29,59	2,22
29,62	2,26
29,64	2,30
29,67	2,35
29,69	2,41
29,71	2,49
29,74	2,56
29,76	2,57
29,79	2,63
29,81	2,68
29,84	2,71
29,86	2,75
29,89	2,79
29,91	2,85
29,93	2,91
29,96	2,95
29,98	3,03
30,01	3,10
30,03	3,17
30,06	3,24
30,08	3,31
30,10	3,38
30,13	3,42
30,15	3,47
30,18	3,51
30,20	3,59
30,23	3,62
30,25	3,68
30,28	3,73
30,30	3,81
30,32	3,93
30,35	3,99
30,37	4,04
30,40	4,10
30,42	4,16
30,45	4,23
30,47	4,28
30,50	4,33
30,52	4,41
30,54	4,49
30,57	4,58
30,59	4,67
30,62	4,76
30,64	4,83
30,67	4,90
30,69	4,97
30,72	5,06
30,74	5,12
30,76	5,18
30,79	5,29
30,81	5,38
30,84	5,49
30,86	5,60
30,89	5,65
30,91	5,78
30,94	5,85
30,96	5,92
30,98	6,00
31,01	6,05
31,03	6,13
31,06	6,24
31,08	6,31
31,11	6,39
31,13	6,47
31,15	6,55
31,18	6,66
31,20	6,75
31,23	6,82
31,25	6,92
31,28	7,01
31,30	7,11
31,33	7,20
31,35	7,28
31,37	7,37
31,40	7,44
31,42	7,51
31,45	7,57
31,47	7,64
31,50	7,69
31,52	7,74
31,55	7,78
31,57	7,85
31,59	7,89
31,62	7,94
31,64	7,97
31,67	8,00
31,69	8,03
31,72	8,06
31,74	8,02
31,77	8,03
31,79	8,08
31,81	8,06
31,84	8,05
31,86	8,03
31,89	7,99
31,91	7,98
31,94	7,92
31,96	7,82
31,99	7,77
32,01	7,66
32,03	7,58
32,06	7,55
32,08	7,49
32,11	7,42
32,13	7,35
32,16	7,27
32,18	7,26
32,20	7,17
32,23	7,04
32,25	6,94
32,28	6,81
32,30	6,70
32,33	6,59
32,35	6,47
32,38	6,36
32,40	6,25
32,42	6,15
32,45	6,11
32,47	5,95
32,50	5,84
32,52	5,77
32,55	5,66
32,57	5,54
32,60	5,41
32,62	5,25
32,64	5,17
32,67	5,02
32,69	4,85
32,72	4,72
32,74	4,55
32,77	4,44
32,79	4,39
32,82	4,28
32,84	4,19
32,86	4,08
32,89	3,98
32,91	3,96
32,94	3,85
32,96	3,69
32,99	3,60
33,01	3,48
33,04	3,40
33,06	3,30
33,08	3,20
33,11	3,14
33,13	3,06
33,16	2,99
33,18	2,98
33,21	2,89
33,23	2,83
33,26	2,76
33,28	2,70
33,30	2,66
33,33	2,60
33,35	2,53
33,38	2,52
33,40	2,47
33,43	2,43
33,45	2,40
33,47	2,32
33,50	2,29
33,52	2,30
33,55	2,27
33,57	2,26
33,60	2,25
33,62	2,23
33,65	2,27
33,67	2,26
33,69	2,23
33,72	2,22
33,74	2,20
33,77	2,19
33,79	2,20
33,82	2,19
33,84	2,20
33,87	2,21
33,89	2,23
33,91	2,27
33,94	2,26
33,96	2,27
33,99	2,29
34,01	2,30
34,04	2,32
34,06	2,34
34,09	2,35
34,11	2,40
34,13	2,43
34,16	2,44
34,18	2,49
34,21	2,49
34,23	2,52
34,26	2,59
34,28	2,61
34,31	2,66
34,33	2,70
34,35	2,73
34,38	2,82
34,40	2,87
34,43	2,88
34,45	2,92
34,48	2,95
34,50	3,01
34,52	3,04
34,55	3,07
34,57	3,12
34,60	3,17
34,62	3,23
34,65	3,29
34,67	3,36
34,70	3,42
34,72	3,49
34,74	3,52
34,77	3,58
34,79	3,63
34,82	3,66
34,84	3,71
34,87	3,77
34,89	3,83
34,92	3,90
34,94	3,94
34,96	4,03
34,99	4,14
35,01	4,22
35,04	4,29
35,06	4,37
35,09	4,44
35,11	4,54
35,14	4,61
35,16	4,64
35,18	4,72
35,21	4,79
35,23	4,85
35,26	4,95
35,28	5,01
35,31	5,12
35,33	5,19
35,36	5,27
35,38	5,36
35,40	5,45
35,43	5,52
35,45	5,61
35,48	5,68
35,50	5,76
35,53	5,84
35,55	5,92
35,57	5,99
35,60	6,10
35,62	6,19
35,65	6,27
35,67	6,35
35,70	6,44
35,72	6,57
35,75	6,66
35,77	6,74
35,79	6,82
35,82	6,91
35,84	7,02
35,87	7,12
35,89	7,17
35,92	7,28
35,94	7,38
35,97	7,49
35,99	7,60
36,01	7,71
36,04	7,82
36,06	7,92
36,09	8,01
36,11	8,09
36,14	8,18
36,16	8,26
36,19	8,34
36,21	8,43
36,23	8,52
36,26	8,62
36,28	8,73
36,31	8,81
36,33	8,91
36,36	9,00
36,38	9,07
36,41	9,12
36,43	9,18
36,45	9,27
36,48	9,32
36,50	9,36
36,53	9,41
36,55	9,46
36,58	9,54
36,60	9,59
36,62	9,60
36,65	9,61
36,67	9,61
36,70	9,63
36,72	9,63
36,75	9,63
36,77	9,63
36,80	9,60
36,82	9,62
36,84	9,66
36,87	9,64
36,89	9,62
36,92	9,60
36,94	9,56
36,97	9,54
36,99	9,49
37,02	9,42
37,04	9,36
37,06	9,29
37,09	9,23
37,11	9,19
37,14	9,10
37,16	9,04
37,19	9,00
37,21	8,95
37,24	8,90
37,26	8,82
37,28	8,71
37,31	8,69
37,33	8,57
37,36	8,43
37,38	8,31
37,41	8,13
37,43	8,03
37,46	7,91
37,48	7,75
37,50	7,68
37,53	7,52
37,55	7,41
37,58	7,41
37,60	7,26
37,63	7,13
37,65	6,98
37,68	6,83
37,70	6,74
37,72	6,60
37,75	6,44
37,77	6,35
37,80	6,24
37,82	6,14
37,85	6,09
37,87	6,00
37,89	5,91
37,92	5,82
37,94	5,70
37,97	5,63
37,99	5,52
38,02	5,39
38,04	5,32
38,07	5,20
38,09	5,10
38,11	5,00
38,14	4,84
38,16	4,77
38,19	4,70
38,21	4,56
38,24	4,52
38,26	4,39
38,29	4,34
38,31	4,36
38,33	4,27
38,36	4,19
38,38	4,13
38,41	4,06
38,43	4,03
38,46	3,98
38,48	3,89
38,51	3,86
38,53	3,82
38,55	3,78
38,58	3,77
38,60	3,75
38,63	3,72
38,65	3,69
38,68	3,67
38,70	3,67
38,73	3,65
38,75	3,62
38,77	3,64
38,80	3,61
38,82	3,62
38,85	3,59
38,87	3,53
38,90	3,52
38,92	3,50
38,94	3,46
38,97	3,46
38,99	3,45
39,02	3,47
39,04	3,56
39,07	3,59
39,09	3,61
39,12	3,64
39,14	3,64
39,16	3,67
39,19	3,69
39,21	3,67
39,24	3,69
39,26	3,70
39,29	3,74
39,31	3,78
39,34	3,83
39,36	3,86
39,38	3,90
39,41	3,94
39,43	3,96
39,46	3,98
39,48	4,01
39,51	4,06
39,53	4,09
39,56	4,11
39,58	4,16
39,60	4,18
39,63	4,23
39,65	4,29
39,68	4,31
39,70	4,38
39,73	4,42
39,75	4,48
39,78	4,57
39,80	4,62
39,82	4,67
39,85	4,73
39,87	4,79
39,90	4,85
39,92	4,92
39,95	4,98
39,97	5,04
39,99	5,12
40,02	5,19
40,04	5,27
40,07	5,34
40,09	5,40
40,12	5,46
40,14	5,53
40,17	5,59
40,19	5,66
40,21	5,75
40,24	5,84
40,26	5,93
40,29	6,01
40,31	6,09
40,34	6,15
40,36	6,24
40,39	6,33
40,41	6,40
40,43	6,47
40,46	6,55
40,48	6,64
40,51	6,77
40,53	6,85
40,56	6,93
40,58	7,01
40,61	7,12
40,63	7,22
40,65	7,32
40,68	7,42
40,70	7,52
40,73	7,64
40,75	7,74
40,78	7,83
40,80	7,94
40,83	8,02
40,85	8,11
40,87	8,21
40,90	8,28
40,92	8,38
40,95	8,50
40,97	8,62
41,00	8,75
41,02	8,86
41,05	8,97
41,07	9,06
41,09	9,16
41,12	9,25
41,14	9,32
41,17	9,38
41,19	9,47
41,22	9,55
41,24	9,66
41,26	9,76
41,29	9,85
41,31	9,94
41,34	10,02
41,36	10,10
41,39	10,18
41,41	10,24
41,44	10,28
41,46	10,34
41,48	10,39
41,51	10,45
41,53	10,52
41,56	10,57
41,58	10,62
41,61	10,68
41,63	10,73
41,66	10,78
41,68	10,82
41,70	10,88
41,73	10,90
41,75	10,92
41,78	10,93
41,80	10,90
41,83	10,92
41,85	10,92
41,88	10,89
41,90	10,91
41,92	10,87
41,95	10,86
41,97	10,94
42,00	10,93
42,02	10,90
42,05	10,87
42,07	10,84
42,10	10,82
42,12	10,79
42,14	10,70
42,17	10,66
42,19	10,58
42,22	10,53
42,24	10,51
42,27	10,46
42,29	10,39
42,31	10,32
42,34	10,23
42,36	10,22
42,39	10,12
42,41	9,99
42,44	9,97
42,46	9,86
42,49	9,79
42,51	9,71
42,53	9,58
42,56	9,52
42,58	9,43
42,61	9,28
42,63	9,24
42,66	9,08
42,68	8,98
42,71	8,96
42,73	8,85
42,75	8,76
42,78	8,66
42,80	8,58
42,83	8,53
42,85	8,47
42,88	8,31
42,90	8,25
42,93	8,14
42,95	8,03
42,97	7,97
43,00	7,87
43,02	7,77
43,05	7,67
43,07	7,54
43,10	7,54
43,12	7,46
43,15	7,35
43,17	7,33
43,19	7,22
43,22	7,18
43,24	7,09
43,27	7,00
43,29	6,92
43,32	6,82
43,34	6,70
43,36	6,66
43,39	6,57
43,41	6,53
43,44	6,53
43,46	6,48
43,49	6,46
43,51	6,42
43,54	6,34
43,56	6,34
43,58	6,27
43,61	6,17
43,63	6,12
43,66	6,02
43,68	5,99
43,71	6,00
43,73	5,97
43,76	5,93
43,78	5,91
43,80	5,89
43,83	5,90
43,85	5,86
43,88	5,79
43,90	5,83
43,93	5,79
43,95	5,77
43,98	5,77
44,00	5,73
44,02	5,74
44,05	5,74
44,07	5,68
44,10	5,73
44,12	5,65
44,15	5,66
44,17	5,69
44,20	5,68
44,22	5,68
44,24	5,68
44,27	5,67
44,29	5,71
44,32	5,72
44,34	5,68
44,37	5,70
44,39	5,70
44,41	5,70
44,44	5,73
44,46	5,75
44,49	5,77
44,51	5,79
44,54	5,80
44,56	5,86
44,59	5,89
44,61	5,90
44,63	5,96
44,66	5,98
44,68	6,03
44,71	6,06
44,73	6,09
44,76	6,12
44,78	6,16
44,81	6,16
44,83	6,20
44,85	6,19
44,88	6,23
44,90	6,30
44,93	6,34
44,95	6,37
44,98	6,43
45,00	6,48
45,03	6,56
45,05	6,62
45,07	6,64
45,10	6,69
45,12	6,74
45,15	6,79
45,17	6,85
45,20	6,92
45,22	6,97
45,25	7,03
45,27	7,11
45,29	7,20
45,32	7,29
45,34	7,36
45,37	7,44
45,39	7,52
45,42	7,61
45,44	7,69
45,47	7,77
45,49	7,84
45,51	7,92
45,54	7,99
45,56	8,05
45,59	8,09
45,61	8,16
45,64	8,29
45,66	8,37
45,68	8,45
45,71	8,54
45,73	8,64
45,76	8,76
45,78	8,86
45,81	8,90
45,83	8,98
45,86	9,07
45,88	9,15
45,90	9,24
45,93	9,32
45,95	9,39
45,98	9,49
46,00	9,60
46,03	9,69
46,05	9,78
46,08	9,87
46,10	9,97
46,12	10,07
46,15	10,15
46,17	10,22
46,20	10,30
46,22	10,37
46,25	10,45
46,27	10,53
46,30	10,56
46,32	10,61
46,34	10,69
46,37	10,80
46,39	10,88
46,42	10,95
46,44	11,03
46,47	11,13
46,49	11,22
46,52	11,28
46,54	11,30
46,56	11,36
46,59	11,39
46,61	11,44
46,64	11,52
46,66	11,57
46,69	11,63
46,71	11,69
46,73	11,75
46,76	11,81
46,78	11,84
46,81	11,86
46,83	11,89
46,86	11,89
46,88	11,90
46,91	11,92
46,93	11,95
46,95	11,98
46,98	11,99
47,00	12,01
47,03	12,06
47,05	12,03
47,08	12,05
47,10	12,05
47,13	12,05
47,15	12,05
47,17	12,03
47,20	12,04
47,22	12,05
47,25	12,05
47,27	12,02
47,30	12,03
47,32	11,97
47,35	11,94
47,37	11,96
47,39	11,93
47,42	11,91
47,44	11,87
47,47	11,82
47,49	11,89
47,52	11,85
47,54	11,79
47,57	11,76
47,59	11,71
47,61	11,69
47,64	11,64
47,66	11,56
47,69	11,54
47,71	11,47
47,74	11,42
47,76	11,43
47,78	11,39
47,81	11,36
47,83	11,33
47,86	11,28
47,88	11,26
47,91	11,23
47,93	11,15
47,96	11,10
47,98	11,03
48,00	10,99
48,03	10,95
48,05	10,85
48,08	10,81
48,10	10,84
48,13	10,82
48,15	10,79
48,18	10,76
48,20	10,71
48,22	10,76
48,25	10,70
48,27	10,60
48,30	10,57
48,32	10,50
48,35	10,47
48,37	10,47
48,40	10,37
48,42	10,37
48,44	10,31
48,47	10,27
48,49	10,33
48,52	10,26
48,54	10,23
48,57	10,21
48,59	10,17
48,62	10,16
48,64	10,12
48,66	10,06
48,69	10,03
48,71	9,99
48,74	9,95
48,76	9,95
48,79	9,89
48,81	9,88
48,84	9,85
48,86	9,83
48,88	9,83
48,91	9,78
48,93	9,75
48,96	9,80
48,98	9,78
49,01	9,77
49,03	9,75
49,05	9,74
49,08	9,77
49,10	9,74
49,13	9,70
49,15	9,67
49,18	9,64
49,20	9,62
49,23	9,60
49,25	9,57
49,27	9,58
49,30	9,55
49,32	9,54
49,35	9,57
49,37	9,53
49,40	9,53
49,42	9,57
49,45	9,56
49,47	9,57
49,49	9,57
49,52	9,56
49,54	9,59
49,57	9,59
49,59	9,56
49,62	9,56
49,64	9,55
49,67	9,55
49,69	9,59
49,71	9,61
49,74	9,62
49,76	9,63
49,79	9,63
49,81	9,68
49,84	9,69
49,86	9,67
49,89	9,67
49,91	9,69
49,93	9,72
49,96	9,74
49,98	9,76
50,01	9,79
50,03	9,83
50,06	9,86
50,08	9,89
50,10	9,89
50,13	9,93
50,15	10,00
50,18	10,03
50,20	10,07
50,23	10,13
50,25	10,16
50,28	10,23
50,30	10,27
50,32	10,27
50,35	10,32
50,37	10,35
50,40	10,39
50,42	10,46
50,45	10,51
50,47	10,55
50,50	10,61
50,52	10,67
50,54	10,72
50,57	10,77
50,59	10,81
50,62	10,86
50,64	10,93
50,67	10,99
50,69	11,06
50,72	11,13
50,74	11,19
50,76	11,26
50,79	11,34
50,81	11,40
50,84	11,43
50,86	11,49
50,89	11,56
50,91	11,61
50,94	11,67
50,96	11,73
50,98	11,80
51,01	11,91
51,03	11,97
51,06	12,01
51,08	12,08
51,11	12,15
51,13	12,20
51,15	12,27
51,18	12,31
51,20	12,35
51,23	12,40
51,25	12,46
51,28	12,53
51,30	12,59
51,33	12,65
51,35	12,73
51,37	12,81
51,40	12,88
51,42	12,98
51,45	13,02
51,47	13,11
51,50	13,13
51,52	13,22
51,55	13,26
51,57	13,27
51,59	13,31
51,62	13,35
51,64	13,40
51,67	13,45
51,69	13,49
51,72	13,57
51,74	13,66
51,77	13,73
51,79	13,79
51,81	13,84
51,84	13,88
51,86	13,92
51,89	13,97
51,91	14,00
51,94	14,06
51,96	14,10
51,99	14,15
52,01	14,24
52,03	14,29
52,06	14,33
52,08	14,36
52,11	14,40
52,13	14,44
52,16	14,47
52,18	14,50
52,20	14,53
52,23	14,60
52,25	14,64
52,28	14,70
52,30	14,72
52,33	14,79
52,35	14,86
52,38	14,89
52,40	14,93
52,42	14,96
52,45	14,99
52,47	15,05
52,50	15,06
52,52	15,12
52,55	15,17
52,57	15,20
52,60	15,26
52,62	15,34
52,64	15,41
52,67	15,44
52,69	15,47
52,72	15,48
52,74	15,56
52,77	15,64
52,79	15,60
52,82	15,66
52,84	15,70
52,86	15,74
52,89	15,82
52,91	15,81
52,94	15,85
52,96	15,89
52,99	15,93
53,01	15,99
53,04	16,03
53,06	16,08
53,08	16,12
53,11	16,18
53,13	16,24
53,16	16,30
53,18	16,34
53,21	16,38
53,23	16,44
53,26	16,48
53,28	16,53
53,30	16,54
53,33	16,59
53,35	16,67
53,38	16,71
53,40	16,77
53,43	16,83
53,45	16,89
53,47	16,98
53,50	17,04
53,52	17,07
53,55	17,12
53,57	17,15
53,60	17,20
53,62	17,25
53,65	17,29
53,67	17,34
53,69	17,39
53,72	17,47
53,74	17,56
53,77	17,63
53,79	17,70
53,82	17,77
53,84	17,84
53,87	17,90
53,89	17,97
53,91	18,03
53,94	18,10
53,96	18,18
53,99	18,27
54,01	18,37
54,04	18,44
54,06	18,54
54,09	18,68
54,11	18,79
54,13	18,89
54,16	19,01
54,18	19,12
54,21	19,27
54,23	19,41
54,26	19,51
54,28	19,66
54,31	19,84
54,33	20,04
54,35	20,23
54,38	20,45
54,40	20,66
54,43	20,90
54,45	21,15
54,48	21,36
54,50	21,58
54,52	21,80
54,55	22,02
54,57	22,27
54,60	22,59
54,62	22,97
54,65	23,47
54,67	24,06
54,70	24,75
54,72	25,43
54,74	26,13
54,77	26,80
54,79	27,45
54,82	28,07
54,84	28,58
54,87	28,97
54,89	29,36
54,92	29,67
54,94	29,92
54,96	30,05
54,99	30,05
55,01	30,02
55,04	29,85
55,06	29,67
55,09	29,61
55,11	30,04
55,14	31,04
55,16	32,36
55,18	33,90
55,21	35,60
55,23	37,00
55,26	38,76
55,28	41,13
55,31	42,30
55,33	43,85
55,36	44,30
55,38	41,29
55,40	38,36
55,43	34,93
55,45	30,38
55,48	26,55
55,50	22,01
55,53	18,40
55,55	18,22
55,57	18,22
55,60	18,24
55,62	18,28
55,65	18,29
55,67	18,32
55,70	18,32
55,72	18,31
55,75	18,33
55,77	18,31
55,79	18,31
55,82	18,31
55,84	18,29
55,87	18,29
55,89	18,28
55,92	18,26
55,94	18,33
55,97	18,33
55,99	18,31
56,01	18,29
56,04	18,28
56,06	18,28
56,09	18,27
56,11	18,25
56,14	18,25
56,16	18,25
56,19	18,24
56,21	18,26
56,23	18,27
56,26	18,28
56,28	18,30
56,31	18,31
56,33	18,30
56,36	18,30
56,38	18,30
56,41	18,35
56,43	18,35
56,45	18,33
56,48	18,31
56,50	18,28
56,53	18,32
56,55	18,33
56,58	18,29
56,60	18,30
56,62	18,29
56,65	18,29
56,67	18,34
56,70	18,34
56,72	18,35
56,75	18,36
56,77	18,37
56,80	18,39
56,82	18,39
56,84	18,36
56,87	18,37
56,89	18,36
56,92	18,36
56,94	18,36
56,97	18,35
56,99	18,36
57,02	18,37
57,04	18,38
57,06	18,40
57,09	18,41
57,11	18,42
57,14	18,44
57,16	18,42
57,19	18,44
57,21	18,46
57,24	18,44
57,26	18,44
57,28	18,45
57,31	18,43
57,33	18,46
57,36	18,45
57,38	18,45
57,41	18,50
57,43	18,51
57,46	18,51
57,48	18,52
57,50	18,51
57,53	18,53
57,55	18,52
57,58	18,49
57,60	18,50
57,63	18,50
57,65	18,48
57,68	18,51
57,70	18,52
57,72	18,54
57,75	18,54
57,77	18,54
57,80	18,56
57,82	18,57
57,85	18,57
57,87	18,62
57,89	18,61
57,92	18,62
57,94	18,62
57,97	18,58
57,99	18,60
58,02	18,61
58,04	18,59
58,07	18,61
58,09	18,59
58,11	18,59
58,14	18,66
58,16	18,68
58,19	18,68
58,21	18,66
58,24	18,66
58,26	18,68
58,29	18,68
58,31	18,66
58,33	18,67
58,36	18,70
58,38	18,72
58,41	18,71
58,43	18,73
58,46	18,76
58,48	18,79
58,51	18,83
58,53	18,84
58,55	18,81
58,58	18,80
58,60	18,83
58,63	18,85
58,65	18,87
58,68	18,88
58,70	18,84
58,73	18,86
58,75	18,85
58,77	18,85
58,80	18,89
58,82	18,93
58,85	18,96
58,87	19,01
58,90	19,00
58,92	19,03
58,94	19,06
58,97	19,07
58,99	19,07
59,02	19,08
59,04	19,09
59,07	19,11
59,09	19,13
59,12	19,14
59,14	19,16
59,16	19,16
59,19	19,15
59,21	19,11
59,24	19,11
59,26	19,15
59,29	19,17
59,31	19,19
59,34	19,24
59,36	19,18
59,38	19,17
59,41	19,19
59,43	19,22
59,46	19,28
59,48	19,25
59,51	19,20
59,53	19,21
59,56	19,19
59,58	19,21
59,60	19,29
59,63	19,26
59,65	19,23
59,68	19,22
59,70	19,21
59,73	19,29
59,75	19,34
59,78	19,34
59,80	19,33
59,82	19,32
59,85	19,31
59,87	19,37
59,90	19,37
59,92	19,38
59,95	19,35
59,97	19,36
59,99	19,41
