Napětí U1	Proud IA
U1/V	IA/nA
10,116	0,302
10,312	0,334
10,508	0,304
10,704	0,329
10,899	0,312
11,093	0,348
11,288	0,31
11,485	0,319
11,68	0,315
11,875	0,362
12,071	0,321
12,266	0,352
12,462	0,346
12,657	0,343
12,852	0,337
13,048	0,335
13,244	0,356
13,438	0,292
13,634	0,338
13,829	0,321
14,025	0,351
14,22	0,318
14,415	0,354
14,61	0,372
14,805	0,411
15,001	0,402
15,196	0,455
15,392	0,512
15,586	0,548
15,782	0,605
15,978	0,698
16,174	0,802
16,369	0,872
16,565	1,041
16,758	1,011
16,955	1,114
17,15	1,11
17,345	1,048
17,541	0,878
17,736	0,711
17,931	0,589
18,126	0,525
18,322	0,489
18,518	0,458
18,714	0,479
18,908	0,5
19,104	0,575
19,299	0,636
19,495	0,766
19,69	0,881
19,885	1,058
20,08	1,21
20,275	1,425
20,471	1,656
20,666	1,902
20,862	2,082
21,058	2,298
21,252	2,603
21,447	2,886
21,644	3,21
21,839	3,502
22,035	3,576
22,229	3,284
22,425	2,745
22,62	2,152
22,815	1,684
23,011	1,252
23,206	0,964
23,401	0,815
23,596	0,758
23,792	0,802
23,988	0,866
24,184	1,064
24,379	1,221
24,574	1,449
24,769	1,712
24,965	2,026
25,16	2,276
25,355	2,626
25,551	2,988
25,745	3,41
25,941	3,824
26,136	4,288
26,332	4,776
26,528	5,292
26,722	5,642
26,918	5,688
27,114	5,35
27,309	4,538
27,505	3,861
27,699	3,106
27,895	2,438
28,09	1,801
28,285	1,525
28,481	1,345
28,676	1,29
28,873	1,339
29,066	1,528
29,262	1,756
29,458	2,022
29,654	2,341
29,849	2,737
30,044	3,2
30,239	3,668
30,435	4,192
30,63	4,783
30,825	5,436
31,021	6,111
31,215	6,786
31,411	7,462
31,606	7,9
31,803	8,04
31,998	7,722
32,193	7,158
32,388	6,322
32,584	5,457
32,779	4,438
32,975	3,657
33,17	2,982
33,365	2,538
33,56	2,274
33,755	2,212
33,951	2,268
34,146	2,432
34,342	2,732
34,537	3,064
34,732	3,494
34,928	3,942
35,124	4,55
35,319	5,15
35,514	5,802
35,709	6,505
35,905	7,246
36,1	8,041
36,295	8,762
36,491	9,332
36,685	9,616
36,881	9,605
37,076	9,265
37,272	8,759
37,468	7,842
37,664	6,924
37,858	6,031
38,054	5,25
38,249	4,489
38,445	3,995
38,64	3,712
38,835	3,578
39,03	3,53
39,225	3,698
39,421	3,943
39,616	4,218
39,812	4,641
40,006	5,158
40,202	5,721
40,398	6,359
40,594	7,08
40,789	7,876
40,985	8,678
41,179	9,444
41,375	10,119
41,57	10,592
41,765	10,899
41,961	10,896
42,156	10,679
42,351	10,212
42,546	9,552
42,742	8,8
42,938	8,101
43,134	7,411
43,328	6,786
43,524	6,376
43,719	5,979
43,915	5,805
44,11	5,696
44,305	5,692
44,5	5,786
44,695	6,038
44,891	6,278
45,086	6,672
45,282	7,165
45,478	7,799
45,672	8,413
45,868	9,114
46,064	9,828
46,259	10,466
46,455	11,074
46,649	11,544
46,845	11,882
47,04	12,028
47,235	12,03
47,431	11,896
47,626	11,645
47,821	11,338
48,016	10,965
48,212	10,714
48,408	10,386
48,604	10,156
48,799	9,896
48,994	9,768
49,189	9,64
49,385	9,553
49,58	9,566
49,775	9,64
49,971	9,758
50,165	10,013
50,361	10,349
50,556	10,74
50,752	11,226
50,948	11,717
51,142	12,221
51,338	12,704
51,534	13,209
51,729	13,616
51,925	14,04
52,119	14,415
52,315	14,766
52,51	15,102
52,705	15,492
52,901	15,8
53,097	16,16
53,293	16,543
53,486	16,981
53,682	17,391
53,878	17,937
54,073	18,624
54,269	19,636
54,463	21,24
54,658	23,958
54,855	28,602
55,05	30,041
55,245	38,112
55,441	32,028
55,635	18,275
55,831	18,298
56,026	18,292
56,222	18,27
56,418	18,315
56,612	18,312
56,808	18,369
57,004	18,374
57,199	18,438
57,395	18,478
57,59	18,505
57,785	18,557
57,98	18,605
58,175	18,65
58,371	18,704
58,567	18,828
58,762	18,883
58,957	19,051
59,152	19,134
59,348	19,189
59,543	19,236
59,739	19,285
