Voltage U1	Current IA
U1/V	IA/nA

0,02	0,28
0,04	0,23
0,07	0,20
0,09	0,16
0,12	0,12
0,14	0,13
0,17	0,11
0,19	0,11
0,21	0,16
0,24	0,16
0,26	0,17
0,29	0,18
0,31	0,17
0,34	0,19
0,36	0,20
0,39	0,17
0,41	0,17
0,43	0,17
0,46	0,16
0,48	0,18
0,51	0,18
0,53	0,18
0,56	0,17
0,58	0,17
0,61	0,19
0,63	0,19
0,65	0,18
0,68	0,21
0,70	0,20
0,73	0,21
0,75	0,21
0,78	0,17
0,80	0,18
0,83	0,17
0,85	0,14
0,87	0,14
0,90	0,11
0,92	0,11
0,95	0,16
0,97	0,16
1,00	0,17
1,02	0,17
1,05	0,17
1,07	0,20
1,09	0,20
1,12	0,17
1,14	0,17
1,17	0,16
1,19	0,16
1,22	0,17
1,24	0,18
1,26	0,18
1,29	0,19
1,31	0,19
1,34	0,21
1,36	0,20
1,39	0,19
1,41	0,22
1,44	0,21
1,46	0,21
1,48	0,20
1,51	0,18
1,53	0,18
1,56	0,17
1,58	0,13
1,61	0,14
1,63	0,12
1,66	0,13
1,68	0,17
1,70	0,17
1,73	0,17
1,75	0,17
1,78	0,17
1,80	0,19
1,83	0,19
1,85	0,17
1,88	0,17
1,90	0,17
1,92	0,16
1,95	0,18
1,97	0,18
2,00	0,18
2,02	0,15
2,05	0,15
2,07	0,17
2,10	0,16
2,12	0,16
2,14	0,18
2,17	0,19
2,19	0,19
2,22	0,18
2,24	0,15
2,27	0,15
2,29	0,16
2,31	0,13
2,34	0,14
2,36	0,14
2,39	0,15
2,41	0,22
2,44	0,21
2,46	0,21
2,49	0,21
2,51	0,19
2,53	0,20
2,56	0,19
2,58	0,16
2,61	0,17
2,63	0,15
2,66	0,14
2,68	0,17
2,71	0,19
2,73	0,18
2,75	0,18
2,78	0,17
2,80	0,20
2,83	0,19
2,85	0,16
2,88	0,20
2,90	0,20
2,93	0,20
2,95	0,20
2,97	0,17
3,00	0,17
3,02	0,16
3,05	0,12
3,07	0,13
3,10	0,11
3,12	0,11
3,15	0,17
3,17	0,19
3,19	0,20
3,22	0,21
3,24	0,20
3,27	0,23
3,29	0,23
3,32	0,19
3,34	0,17
3,36	0,15
3,39	0,15
3,41	0,17
3,44	0,16
3,46	0,17
3,49	0,17
3,51	0,17
3,54	0,19
3,56	0,18
3,58	0,17
3,61	0,21
3,63	0,19
3,66	0,20
3,68	0,20
3,71	0,20
3,73	0,22
3,76	0,21
3,78	0,17
3,80	0,19
3,83	0,17
3,85	0,16
3,88	0,19
3,90	0,18
3,93	0,19
3,95	0,18
3,98	0,18
4,00	0,20
4,02	0,21
4,05	0,18
4,07	0,18
4,10	0,18
4,12	0,17
4,15	0,20
4,17	0,20
4,20	0,19
4,22	0,20
4,24	0,18
4,27	0,21
4,29	0,21
4,32	0,19
4,34	0,22
4,37	0,20
4,39	0,21
4,42	0,21
4,44	0,20
4,46	0,20
4,49	0,19
4,51	0,16
4,54	0,18
4,56	0,16
4,59	0,16
4,61	0,19
4,63	0,18
4,66	0,18
4,68	0,18
4,71	0,17
4,73	0,19
4,76	0,19
4,78	0,16
4,81	0,16
4,83	0,16
4,85	0,15
4,88	0,18
4,90	0,18
4,93	0,19
4,95	0,19
4,98	0,18
5,00	0,19
5,03	0,20
5,05	0,17
5,07	0,20
5,10	0,19
5,12	0,19
5,15	0,19
5,17	0,20
5,20	0,20
5,22	0,19
5,25	0,16
5,27	0,17
5,29	0,15
5,32	0,15
5,34	0,18
5,37	0,17
5,39	0,18
5,42	0,18
5,44	0,18
5,47	0,20
5,49	0,21
5,51	0,16
5,54	0,17
5,56	0,16
5,59	0,16
5,61	0,18
5,64	0,18
5,66	0,18
5,68	0,19
5,71	0,18
5,73	0,20
5,76	0,20
5,78	0,18
5,81	0,22
5,83	0,19
5,86	0,19
5,88	0,20
5,90	0,20
5,93	0,20
5,95	0,19
5,98	0,15
6,00	0,19
6,03	0,17
6,05	0,17
6,08	0,20
6,10	0,19
6,12	0,20
6,15	0,20
6,17	0,19
6,20	0,21
6,22	0,21
6,25	0,17
6,27	0,18
6,30	0,16
6,32	0,16
6,34	0,18
6,37	0,18
6,39	0,18
6,42	0,17
6,44	0,16
6,47	0,19
6,49	0,19
6,52	0,17
6,54	0,20
6,56	0,18
6,59	0,20
6,61	0,20
6,64	0,18
6,66	0,18
6,69	0,17
6,71	0,14
6,73	0,17
6,76	0,14
6,78	0,17
6,81	0,20
6,83	0,19
6,86	0,20
6,88	0,20
6,91	0,19
6,93	0,19
6,95	0,19
6,98	0,16
7,00	0,17
7,03	0,15
7,05	0,15
7,08	0,18
7,10	0,19
7,13	0,18
7,15	0,17
7,17	0,17
7,20	0,21
7,22	0,20
7,25	0,18
7,27	0,18
7,30	0,17
7,32	0,17
7,35	0,15
7,37	0,15
7,39	0,16
7,42	0,15
7,44	0,15
7,47	0,16
7,49	0,14
7,52	0,14
7,54	0,17
7,57	0,17
7,59	0,17
7,61	0,18
7,64	0,16
7,66	0,19
7,69	0,18
7,71	0,15
7,74	0,16
7,76	0,12
7,78	0,12
7,81	0,16
7,83	0,17
7,86	0,17
7,88	0,17
7,91	0,17
7,93	0,20
7,96	0,20
7,98	0,16
8,00	0,16
8,03	0,16
8,05	0,17
8,08	0,19
8,10	0,17
8,13	0,20
8,15	0,19
8,18	0,20
8,20	0,20
8,22	0,16
8,25	0,14
8,27	0,13
8,30	0,13
8,32	0,13
8,35	0,13
8,37	0,12
8,40	0,16
8,42	0,18
8,44	0,18
8,47	0,17
8,49	0,17
8,52	0,15
8,54	0,19
8,57	0,18
8,59	0,18
8,62	0,19
8,64	0,18
8,66	0,21
8,69	0,22
8,71	0,20
8,74	0,19
8,76	0,17
8,79	0,17
8,81	0,16
8,84	0,14
8,86	0,15
8,88	0,13
8,91	0,14
8,93	0,17
8,96	0,15
8,98	0,16
9,01	0,18
9,03	0,17
9,05	0,17
9,08	0,17
9,10	0,15
9,13	0,17
9,15	0,15
9,18	0,14
9,20	0,15
9,23	0,13
9,25	0,13
9,27	0,16
9,30	0,18
9,32	0,18
9,35	0,18
9,37	0,18
9,40	0,22
9,42	0,22
9,45	0,18
9,47	0,18
9,49	0,16
9,52	0,16
9,54	0,16
9,57	0,14
9,59	0,16
9,62	0,15
9,64	0,15
9,67	0,18
9,69	0,16
9,71	0,15
9,74	0,15
9,76	0,14
9,79	0,15
9,81	0,16
9,84	0,14
9,86	0,16
9,89	0,16
9,91	0,15
9,93	0,15
9,96	0,13
9,98	0,13
10,01	0,17
10,03	0,17
10,06	0,18
10,08	0,17
10,10	0,18
10,13	0,22
10,15	0,22
10,18	0,20
10,20	0,19
10,23	0,17
10,25	0,18
10,28	0,18
10,30	0,15
10,32	0,15
10,35	0,14
10,37	0,14
10,40	0,17
10,42	0,17
10,45	0,18
10,47	0,19
10,50	0,19
10,52	0,19
10,54	0,19
10,57	0,18
10,59	0,17
10,62	0,16
10,64	0,16
10,67	0,16
10,69	0,14
10,72	0,14
10,74	0,19
10,76	0,20
10,79	0,21
10,81	0,21
10,84	0,21
10,86	0,25
10,89	0,24
10,91	0,20
10,94	0,19
10,96	0,16
10,98	0,16
11,01	0,16
11,03	0,13
11,06	0,16
11,08	0,14
11,11	0,15
11,13	0,19
11,15	0,17
11,18	0,19
11,20	0,19
11,23	0,17
11,25	0,18
11,28	0,17
11,30	0,18
11,33	0,18
11,35	0,19
11,37	0,18
11,40	0,20
11,42	0,19
11,45	0,18
11,47	0,21
11,50	0,19
11,52	0,20
11,55	0,20
11,57	0,18
11,59	0,23
11,62	0,23
11,64	0,21
11,67	0,21
11,69	0,18
11,72	0,19
11,74	0,18
11,77	0,16
11,79	0,15
11,81	0,14
11,84	0,13
11,86	0,17
11,89	0,18
11,91	0,18
11,94	0,20
11,96	0,19
11,99	0,20
12,01	0,20
12,03	0,17
12,06	0,17
12,08	0,15
12,11	0,15
12,13	0,16
12,16	0,14
12,18	0,14
12,21	0,19
12,23	0,22
12,25	0,21
12,28	0,21
12,30	0,21
12,33	0,26
12,35	0,25
12,38	0,19
12,40	0,19
12,42	0,19
12,45	0,19
12,47	0,18
12,50	0,17
12,52	0,20
12,55	0,19
12,57	0,18
12,60	0,20
12,62	0,21
12,64	0,21
12,67	0,19
12,69	0,20
12,72	0,22
12,74	0,23
12,77	0,21
12,79	0,21
12,82	0,21
12,84	0,20
12,86	0,20
12,89	0,20
12,91	0,19
12,94	0,23
12,96	0,21
12,99	0,23
13,01	0,22
13,04	0,22
13,06	0,24
13,08	0,24
13,11	0,23
13,13	0,23
13,16	0,20
13,18	0,21
13,21	0,21
13,23	0,18
13,26	0,18
13,28	0,16
13,30	0,15
13,33	0,20
13,35	0,19
13,38	0,20
13,40	0,20
13,43	0,20
13,45	0,22
13,47	0,22
13,50	0,20
13,52	0,20
13,55	0,19
13,57	0,19
13,60	0,20
13,62	0,20
13,65	0,21
13,67	0,21
13,69	0,20
13,72	0,21
13,74	0,21
13,77	0,21
13,79	0,23
13,82	0,22
13,84	0,21
13,87	0,21
13,89	0,19
13,91	0,19
13,94	0,18
13,96	0,15
13,99	0,17
14,01	0,15
14,04	0,16
14,06	0,22
14,09	0,22
14,11	0,22
14,13	0,22
14,16	0,21
14,18	0,23
14,21	0,23
14,23	0,20
14,26	0,21
14,28	0,20
14,31	0,20
14,33	0,21
14,35	0,21
14,38	0,21
14,40	0,21
14,43	0,21
14,45	0,23
14,48	0,23
14,50	0,21
14,52	0,24
14,55	0,24
14,57	0,24
14,60	0,24
14,62	0,21
14,65	0,21
14,67	0,21
14,70	0,17
14,72	0,17
14,74	0,15
14,77	0,15
14,79	0,20
14,82	0,20
14,84	0,22
14,87	0,22
14,89	0,23
14,92	0,25
14,94	0,25
14,96	0,23
14,99	0,22
15,01	0,21
15,04	0,20
15,06	0,22
15,09	0,22
15,11	0,23
15,14	0,23
15,16	0,24
15,18	0,26
15,21	0,26
15,23	0,25
15,26	0,28
15,28	0,27
15,31	0,28
15,33	0,27
15,36	0,24
15,38	0,24
15,40	0,25
15,43	0,21
15,45	0,25
15,48	0,22
15,50	0,25
15,53	0,30
15,55	0,29
15,57	0,28
15,60	0,27
15,62	0,26
15,65	0,27
15,67	0,26
15,70	0,25
15,72	0,26
15,75	0,27
15,77	0,27
15,79	0,28
15,82	0,30
15,84	0,29
15,87	0,28
15,89	0,28
15,92	0,30
15,94	0,30
15,97	0,29
15,99	0,33
16,01	0,34
16,04	0,35
16,06	0,34
16,09	0,30
16,11	0,31
16,14	0,30
16,16	0,26
16,19	0,27
16,21	0,26
16,23	0,28
16,26	0,35
16,28	0,35
16,31	0,35
16,33	0,38
16,36	0,37
16,38	0,38
16,41	0,38
16,43	0,35
16,45	0,34
16,48	0,32
16,50	0,33
16,53	0,35
16,55	0,36
16,58	0,36
16,60	0,36
16,63	0,38
16,65	0,40
16,67	0,40
16,70	0,38
16,72	0,44
16,75	0,44
16,77	0,45
16,80	0,46
16,82	0,43
16,84	0,45
16,87	0,44
16,89	0,40
16,92	0,41
16,94	0,38
16,97	0,38
16,99	0,46
17,02	0,47
17,04	0,49
17,06	0,50
17,09	0,49
17,11	0,52
17,14	0,52
17,16	0,47
17,19	0,46
17,21	0,44
17,24	0,45
17,26	0,47
17,28	0,45
17,31	0,46
17,33	0,47
17,36	0,47
17,38	0,51
17,41	0,48
17,43	0,48
17,46	0,52
17,48	0,51
17,50	0,51
17,53	0,50
17,55	0,46
17,58	0,46
17,60	0,45
17,63	0,40
17,65	0,41
17,68	0,37
17,70	0,37
17,72	0,43
17,75	0,42
17,77	0,41
17,80	0,40
17,82	0,39
17,85	0,42
17,87	0,42
17,89	0,38
17,92	0,37
17,94	0,35
17,97	0,35
17,99	0,37
18,02	0,36
18,04	0,36
18,07	0,35
18,09	0,33
18,11	0,36
18,14	0,36
18,16	0,33
18,19	0,35
18,21	0,34
18,24	0,34
18,26	0,34
18,29	0,30
18,31	0,29
18,33	0,28
18,36	0,25
18,38	0,26
18,41	0,23
18,43	0,23
18,46	0,30
18,48	0,29
18,51	0,29
18,53	0,30
18,55	0,28
18,58	0,31
18,60	0,29
18,63	0,25
18,65	0,25
18,68	0,23
18,70	0,23
18,73	0,25
18,75	0,25
18,77	0,25
18,80	0,26
18,82	0,27
18,85	0,28
18,87	0,28
18,90	0,26
18,92	0,29
18,94	0,28
18,97	0,27
18,99	0,28
19,02	0,28
19,04	0,30
19,07	0,29
19,09	0,27
19,12	0,29
19,14	0,25
19,16	0,25
19,19	0,28
19,21	0,27
19,24	0,28
19,26	0,27
19,29	0,27
19,31	0,31
19,34	0,32
19,36	0,28
19,38	0,29
19,41	0,28
19,43	0,29
19,46	0,30
19,48	0,30
19,51	0,31
19,53	0,31
19,56	0,32
19,58	0,35
19,60	0,35
19,63	0,34
19,65	0,35
19,68	0,33
19,70	0,33
19,73	0,35
19,75	0,33
19,78	0,36
19,80	0,35
19,82	0,35
19,85	0,38
19,87	0,34
19,90	0,35
19,92	0,39
19,95	0,38
19,97	0,38
19,99	0,39
20,02	0,40
20,04	0,43
20,07	0,43
20,09	0,39
20,12	0,41
20,14	0,40
20,17	0,38
20,19	0,42
20,21	0,43
20,24	0,44
20,26	0,44
20,29	0,44
20,31	0,49
20,34	0,51
20,36	0,49
20,39	0,49
20,41	0,49
20,43	0,51
20,46	0,50
20,48	0,50
20,51	0,49
20,53	0,49
20,56	0,50
20,58	0,54
20,61	0,51
20,63	0,53
20,65	0,58
20,68	0,59
20,70	0,59
20,73	0,60
20,75	0,58
20,78	0,63
20,80	0,62
20,83	0,59
20,85	0,60
20,87	0,61
20,90	0,63
20,92	0,67
20,95	0,68
20,97	0,68
21,00	0,69
21,02	0,69
21,05	0,73
21,07	0,72
21,09	0,69
21,12	0,72
21,14	0,72
21,17	0,74
21,19	0,75
21,22	0,75
21,24	0,78
21,26	0,77
21,29	0,78
21,31	0,80
21,34	0,78
21,36	0,79
21,39	0,81
21,41	0,83
21,44	0,85
21,46	0,87
21,48	0,87
21,51	0,90
21,53	0,92
21,56	0,89
21,58	0,89
21,61	0,85
21,63	0,86
21,66	0,92
21,68	0,90
21,70	0,94
21,73	0,94
21,75	0,96
21,78	1,02
21,80	1,01
21,83	0,99
21,85	0,99
21,88	0,97
21,90	0,98
21,92	0,98
21,95	0,97
21,97	0,98
22,00	0,97
22,02	0,97
22,05	1,00
22,07	0,95
22,10	0,95
22,12	0,96
22,14	0,93
22,17	0,92
22,19	0,91
22,22	0,88
22,24	0,90
22,27	0,88
22,29	0,86
22,31	0,85
22,34	0,81
22,36	0,79
22,39	0,81
22,41	0,80
22,44	0,78
22,46	0,76
22,49	0,74
22,51	0,76
22,53	0,73
22,56	0,67
22,58	0,65
22,61	0,61
22,63	0,60
22,66	0,58
22,68	0,55
22,71	0,55
22,73	0,52
22,75	0,50
22,78	0,52
22,80	0,48
22,83	0,46
22,85	0,45
22,88	0,43
22,90	0,43
22,93	0,42
22,95	0,39
22,97	0,41
23,00	0,40
23,02	0,39
23,05	0,38
23,07	0,34
23,10	0,33
23,12	0,37
23,15	0,37
23,17	0,38
23,19	0,36
23,22	0,35
23,24	0,40
23,27	0,39
23,29	0,34
23,32	0,33
23,34	0,30
23,36	0,30
23,39	0,30
23,41	0,27
23,44	0,28
23,46	0,27
23,49	0,27
23,51	0,30
23,54	0,31
23,56	0,31
23,58	0,32
23,61	0,31
23,63	0,32
23,66	0,33
23,68	0,32
23,71	0,31
23,73	0,30
23,76	0,30
23,78	0,31
23,80	0,28
23,83	0,28
23,85	0,31
23,88	0,33
23,90	0,34
23,93	0,34
23,95	0,34
23,98	0,40
24,00	0,39
24,02	0,35
24,05	0,36
24,07	0,34
24,10	0,34
24,12	0,34
24,15	0,33
24,17	0,35
24,20	0,34
24,22	0,35
24,24	0,39
24,27	0,40
24,29	0,41
24,32	0,41
24,34	0,41
24,37	0,41
24,39	0,42
24,42	0,42
24,44	0,42
24,46	0,45
24,49	0,44
24,51	0,48
24,54	0,46
24,56	0,47
24,59	0,50
24,61	0,50
24,63	0,52
24,66	0,53
24,68	0,52
24,71	0,60
24,73	0,60
24,76	0,59
24,78	0,58
24,81	0,57
24,83	0,57
24,85	0,57
24,88	0,55
24,90	0,55
24,93	0,56
24,95	0,58
24,98	0,63
25,00	0,65
25,03	0,67
25,05	0,69
25,07	0,69
25,10	0,70
25,12	0,71
25,15	0,69
25,17	0,70
25,20	0,69
25,22	0,70
25,25	0,72
25,27	0,71
25,29	0,73
25,32	0,78
25,34	0,81
25,37	0,82
25,39	0,83
25,42	0,82
25,44	0,88
25,47	0,88
25,49	0,85
25,51	0,87
25,54	0,85
25,56	0,88
25,59	0,88
25,61	0,86
25,64	0,89
25,66	0,88
25,68	0,89
25,71	0,94
25,73	0,96
25,76	0,98
25,78	1,00
25,81	1,01
25,83	1,05
25,86	1,06
25,88	1,05
25,90	1,06
25,93	1,07
25,95	1,08
25,98	1,09
26,00	1,09
26,03	1,11
26,05	1,16
26,08	1,16
26,10	1,20
26,12	1,19
26,15	1,21
26,17	1,25
26,20	1,26
26,22	1,25
26,25	1,26
26,27	1,24
26,30	1,27
26,32	1,28
26,34	1,26
26,37	1,29
26,39	1,28
26,42	1,29
26,44	1,34
26,47	1,35
26,49	1,36
26,52	1,37
26,54	1,38
26,56	1,41
26,59	1,42
26,61	1,41
26,64	1,42
26,66	1,41
26,69	1,41
26,71	1,42
26,73	1,41
26,76	1,41
26,78	1,41
26,81	1,40
26,83	1,41
26,86	1,40
26,88	1,39
26,91	1,40
26,93	1,38
26,95	1,35
26,98	1,32
27,00	1,25
27,03	1,22
27,05	1,19
27,08	1,14
27,10	1,12
27,13	1,09
27,15	1,06
27,17	1,11
27,20	1,09
27,22	1,06
27,25	1,02
27,27	0,99
27,30	0,97
27,32	0,93
27,35	0,86
27,37	0,84
27,39	0,80
27,42	0,77
27,44	0,76
27,47	0,75
27,49	0,73
27,52	0,71
27,54	0,68
27,57	0,68
27,59	0,66
27,61	0,61
27,64	0,62
27,66	0,59
27,69	0,57
27,71	0,55
27,74	0,49
27,76	0,49
27,78	0,47
27,81	0,43
27,83	0,42
27,86	0,40
27,88	0,39
27,91	0,43
27,93	0,42
27,96	0,41
27,98	0,41
28,00	0,40
28,03	0,41
28,05	0,41
28,08	0,38
28,10	0,38
28,13	0,37
28,15	0,35
28,18	0,36
28,20	0,35
28,22	0,35
28,25	0,35
28,27	0,34
28,30	0,35
28,32	0,36
28,35	0,35
28,37	0,39
28,40	0,38
28,42	0,38
28,44	0,38
28,47	0,35
28,49	0,35
28,52	0,35
28,54	0,31
28,57	0,33
28,59	0,31
28,62	0,32
28,64	0,39
28,66	0,40
28,69	0,40
28,71	0,39
28,74	0,40
28,76	0,41
28,79	0,43
28,81	0,40
28,84	0,42
28,86	0,41
28,88	0,42
28,91	0,45
28,93	0,47
28,96	0,47
28,98	0,47
29,01	0,46
29,03	0,50
29,05	0,51
29,08	0,50
29,10	0,53
29,13	0,54
29,15	0,56
29,18	0,56
29,20	0,53
29,23	0,54
29,25	0,55
29,27	0,54
29,30	0,56
29,32	0,56
29,35	0,57
29,37	0,65
29,40	0,66
29,42	0,66
29,45	0,67
29,47	0,67
29,49	0,69
29,52	0,70
29,54	0,67
29,57	0,68
29,59	0,69
29,62	0,71
29,64	0,74
29,67	0,75
29,69	0,76
29,71	0,78
29,74	0,78
29,76	0,80
29,79	0,81
29,81	0,82
29,84	0,88
29,86	0,89
29,89	0,91
29,91	0,93
29,93	0,92
29,96	0,94
29,98	0,94
30,01	0,90
30,03	0,93
30,06	0,91
30,08	0,92
30,10	0,99
30,13	1,02
30,15	1,04
30,18	1,07
30,20	1,07
30,23	1,11
30,25	1,14
30,28	1,12
30,30	1,13
30,32	1,12
30,35	1,13
30,37	1,16
30,40	1,17
30,42	1,19
30,45	1,20
30,47	1,22
30,50	1,26
30,52	1,25
30,54	1,27
30,57	1,31
30,59	1,32
30,62	1,34
30,64	1,35
30,67	1,38
30,69	1,41
30,72	1,42
30,74	1,41
30,76	1,44
30,79	1,43
30,81	1,45
30,84	1,50
30,86	1,51
30,89	1,53
30,91	1,55
30,94	1,55
30,96	1,59
30,98	1,61
31,01	1,59
31,03	1,61
31,06	1,61
31,08	1,62
31,11	1,66
31,13	1,67
31,15	1,69
31,18	1,72
31,20	1,72
31,23	1,77
31,25	1,79
31,28	1,79
31,30	1,85
31,33	1,85
31,35	1,86
31,37	1,86
31,40	1,87
31,42	1,87
31,45	1,87
31,47	1,83
31,50	1,84
31,52	1,81
31,55	1,81
31,57	1,85
31,59	1,84
31,62	1,84
31,64	1,84
31,67	1,82
31,69	1,84
31,72	1,81
31,74	1,75
31,77	1,73
31,79	1,67
31,81	1,65
31,84	1,65
31,86	1,62
31,89	1,59
31,91	1,56
31,94	1,53
31,96	1,53
31,99	1,49
32,01	1,42
32,03	1,38
32,06	1,33
32,08	1,30
32,11	1,27
32,13	1,23
32,16	1,21
32,18	1,17
32,20	1,14
32,23	1,13
32,25	1,04
32,28	1,02
32,30	1,02
32,33	0,98
32,35	0,95
32,38	0,92
32,40	0,90
32,42	0,92
32,45	0,89
32,47	0,82
32,50	0,80
32,52	0,75
32,55	0,73
32,57	0,73
32,60	0,71
32,62	0,68
32,64	0,65
32,67	0,63
32,69	0,66
32,72	0,63
32,74	0,58
32,77	0,56
32,79	0,54
32,82	0,54
32,84	0,53
32,86	0,50
32,89	0,50
32,91	0,48
32,94	0,46
32,96	0,48
32,99	0,43
33,01	0,42
33,04	0,45
33,06	0,44
33,08	0,44
33,11	0,44
33,13	0,43
33,16	0,46
33,18	0,47
33,21	0,42
33,23	0,44
33,26	0,41
33,28	0,41
33,30	0,44
33,33	0,43
33,35	0,44
33,38	0,44
33,40	0,44
33,43	0,50
33,45	0,50
33,47	0,48
33,50	0,48
33,52	0,46
33,55	0,47
33,57	0,46
33,60	0,45
33,62	0,45
33,65	0,46
33,67	0,48
33,69	0,51
33,72	0,49
33,74	0,51
33,77	0,56
33,79	0,56
33,82	0,56
33,84	0,57
33,87	0,56
33,89	0,61
33,91	0,60
33,94	0,60
33,96	0,62
33,99	0,62
34,01	0,64
34,04	0,69
34,06	0,72
34,09	0,72
34,11	0,72
34,13	0,71
34,16	0,76
34,18	0,77
34,21	0,74
34,23	0,75
34,26	0,77
34,28	0,80
34,31	0,81
34,33	0,82
34,35	0,85
34,38	0,85
34,40	0,85
34,43	0,88
34,45	0,86
34,48	0,87
34,50	0,88
34,52	0,90
34,55	0,92
34,57	0,96
34,60	0,96
34,62	1,02
34,65	1,04
34,67	1,04
34,70	1,05
34,72	1,03
34,74	1,05
34,77	1,10
34,79	1,11
34,82	1,16
34,84	1,17
34,87	1,20
34,89	1,25
34,92	1,25
34,94	1,26
34,96	1,26
34,99	1,25
35,01	1,28
35,04	1,30
35,06	1,32
35,09	1,33
35,11	1,34
35,14	1,36
35,16	1,41
35,18	1,39
35,21	1,41
35,23	1,44
35,26	1,46
35,28	1,49
35,31	1,52
35,33	1,53
35,36	1,58
35,38	1,60
35,40	1,61
35,43	1,64
35,45	1,63
35,48	1,64
35,50	1,70
35,53	1,73
35,55	1,75
35,57	1,78
35,60	1,80
35,62	1,87
35,65	1,89
35,67	1,88
35,70	1,89
35,72	1,91
35,75	1,92
35,77	1,94
35,79	1,94
35,82	1,97
35,84	1,99
35,87	2,01
35,89	2,05
35,92	2,07
35,94	2,10
35,97	2,12
35,99	2,13
36,01	2,15
36,04	2,17
36,06	2,19
36,09	2,21
36,11	2,22
36,14	2,23
36,16	2,25
36,19	2,23
36,21	2,24
36,23	2,28
36,26	2,28
36,28	2,29
36,31	2,30
36,33	2,30
36,36	2,36
36,38	2,36
36,41	2,32
36,43	2,31
36,45	2,28
36,48	2,28
36,50	2,26
36,53	2,22
36,55	2,20
36,58	2,17
36,60	2,16
36,62	2,18
36,65	2,16
36,67	2,12
36,70	2,09
36,72	2,07
36,75	2,05
36,77	2,03
36,80	1,97
36,82	1,93
36,84	1,89
36,87	1,86
36,89	1,82
36,92	1,74
36,94	1,71
36,97	1,71
36,99	1,68
37,02	1,66
37,04	1,62
37,06	1,57
37,09	1,60
37,11	1,55
37,14	1,47
37,16	1,43
37,19	1,35
37,21	1,32
37,24	1,29
37,26	1,23
37,28	1,22
37,31	1,17
37,33	1,15
37,36	1,18
37,38	1,14
37,41	1,09
37,43	1,04
37,46	1,01
37,48	0,99
37,50	0,95
37,53	0,90
37,55	0,88
37,58	0,86
37,60	0,83
37,63	0,82
37,65	0,77
37,68	0,75
37,70	0,76
37,72	0,74
37,75	0,74
37,77	0,73
37,80	0,70
37,82	0,75
37,85	0,73
37,87	0,69
37,89	0,67
37,92	0,64
37,94	0,62
37,97	0,63
37,99	0,57
38,02	0,57
38,04	0,56
38,07	0,55
38,09	0,60
38,11	0,59
38,14	0,58
38,16	0,59
38,19	0,58
38,21	0,59
38,24	0,58
38,26	0,56
38,29	0,56
38,31	0,55
38,33	0,56
38,36	0,57
38,38	0,58
38,41	0,59
38,43	0,62
38,46	0,64
38,48	0,64
38,51	0,65
38,53	0,64
38,55	0,68
38,58	0,68
38,60	0,66
38,63	0,67
38,65	0,66
38,68	0,68
38,70	0,68
38,73	0,67
38,75	0,69
38,77	0,68
38,80	0,69
38,82	0,74
38,85	0,76
38,87	0,77
38,90	0,78
38,92	0,80
38,94	0,82
38,97	0,85
38,99	0,83
39,02	0,84
39,04	0,84
39,07	0,87
39,09	0,88
39,12	0,89
39,14	0,91
39,16	0,94
39,19	0,94
39,21	0,99
39,24	0,98
39,26	1,01
39,29	1,05
39,31	1,06
39,34	1,08
39,36	1,10
39,38	1,08
39,41	1,11
39,43	1,12
39,46	1,11
39,48	1,12
39,51	1,13
39,53	1,15
39,56	1,21
39,58	1,23
39,60	1,26
39,63	1,29
39,65	1,32
39,68	1,35
39,70	1,38
39,73	1,39
39,75	1,41
39,78	1,42
39,80	1,44
39,82	1,46
39,85	1,48
39,87	1,49
39,90	1,51
39,92	1,52
39,95	1,56
39,97	1,58
39,99	1,62
40,02	1,66
40,04	1,70
40,07	1,73
40,09	1,74
40,12	1,72
40,14	1,74
40,17	1,75
40,19	1,74
40,21	1,76
40,24	1,77
40,26	1,81
40,29	1,90
40,31	1,92
40,34	1,95
40,36	1,99
40,39	2,01
40,41	2,04
40,43	2,06
40,46	2,06
40,48	2,09
40,51	2,10
40,53	2,12
40,56	2,15
40,58	2,19
40,61	2,20
40,63	2,24
40,65	2,26
40,68	2,29
40,70	2,32
40,73	2,33
40,75	2,38
40,78	2,41
40,80	2,42
40,83	2,45
40,85	2,44
40,87	2,47
40,90	2,48
40,92	2,46
40,95	2,49
40,97	2,51
41,00	2,52
41,02	2,59
41,05	2,61
41,07	2,63
41,09	2,64
41,12	2,65
41,14	2,68
41,17	2,70
41,19	2,66
41,22	2,67
41,24	2,65
41,26	2,65
41,29	2,66
41,31	2,65
41,34	2,65
41,36	2,64
41,39	2,63
41,41	2,63
41,44	2,63
41,46	2,60
41,48	2,63
41,51	2,60
41,53	2,58
41,56	2,55
41,58	2,48
41,61	2,44
41,63	2,41
41,66	2,33
41,68	2,31
41,70	2,26
41,73	2,23
41,75	2,29
41,78	2,26
41,80	2,24
41,83	2,21
41,85	2,19
41,88	2,18
41,90	2,14
41,92	2,07
41,95	2,04
41,97	1,97
42,00	1,93
42,02	1,90
42,05	1,87
42,07	1,82
42,10	1,78
42,12	1,74
42,14	1,74
42,17	1,71
42,19	1,65
42,22	1,66
42,24	1,61
42,27	1,58
42,29	1,53
42,31	1,45
42,34	1,42
42,36	1,38
42,39	1,30
42,41	1,30
42,44	1,24
42,46	1,22
42,49	1,26
42,51	1,23
42,53	1,21
42,56	1,18
42,58	1,14
42,61	1,14
42,63	1,11
42,66	1,06
42,68	1,02
42,71	0,99
42,73	0,96
42,75	0,98
42,78	0,96
42,80	0,94
42,83	0,92
42,85	0,90
42,88	0,92
42,90	0,90
42,93	0,86
42,95	0,89
42,97	0,86
43,00	0,87
43,02	0,85
43,05	0,79
43,07	0,80
43,10	0,78
43,12	0,72
43,15	0,73
43,17	0,69
43,19	0,69
43,22	0,76
43,24	0,77
43,27	0,77
43,29	0,79
43,32	0,78
43,34	0,81
43,36	0,81
43,39	0,77
43,41	0,77
43,44	0,74
43,46	0,75
43,49	0,77
43,51	0,79
43,54	0,80
43,56	0,81
43,58	0,82
43,61	0,87
43,63	0,85
43,66	0,86
43,68	0,88
43,71	0,90
43,73	0,90
43,76	0,91
43,78	0,91
43,80	0,94
43,83	0,94
43,85	0,92
43,88	0,94
43,90	0,94
43,93	0,95
43,95	0,99
43,98	1,00
44,00	1,02
44,02	1,04
44,05	1,06
44,07	1,09
44,10	1,11
44,12	1,10
44,15	1,12
44,17	1,13
44,20	1,15
44,22	1,17
44,24	1,19
44,27	1,20
44,29	1,23
44,32	1,24
44,34	1,28
44,37	1,29
44,39	1,30
44,41	1,34
44,44	1,37
44,46	1,39
44,49	1,40
44,51	1,41
44,54	1,44
44,56	1,46
44,59	1,45
44,61	1,48
44,63	1,49
44,66	1,53
44,68	1,59
44,71	1,62
44,73	1,65
44,76	1,68
44,78	1,70
44,81	1,74
44,83	1,75
44,85	1,74
44,88	1,76
44,90	1,76
44,93	1,77
44,95	1,82
44,98	1,85
45,00	1,88
45,03	1,92
45,05	1,95
45,07	1,99
45,10	2,02
45,12	2,03
45,15	2,05
45,17	2,05
45,20	2,07
45,22	2,09
45,25	2,12
45,27	2,14
45,29	2,17
45,32	2,21
45,34	2,25
45,37	2,26
45,39	2,30
45,42	2,36
45,44	2,39
45,47	2,41
45,49	2,43
45,51	2,46
45,54	2,51
45,56	2,53
45,59	2,52
45,61	2,54
45,64	2,56
45,66	2,58
45,68	2,62
45,71	2,66
45,73	2,68
45,76	2,71
45,78	2,72
45,81	2,77
45,83	2,79
45,86	2,79
45,88	2,80
45,90	2,80
45,93	2,82
45,95	2,84
45,98	2,85
46,00	2,88
46,03	2,88
46,05	2,88
46,08	2,91
46,10	2,88
46,12	2,89
46,15	2,91
46,17	2,91
46,20	2,91
46,22	2,92
46,25	2,91
46,27	2,95
46,30	2,95
46,32	2,90
46,34	2,89
46,37	2,85
46,39	2,84
46,42	2,85
46,44	2,83
46,47	2,82
46,49	2,81
46,52	2,80
46,54	2,84
46,56	2,82
46,59	2,77
46,61	2,74
46,64	2,69
46,66	2,67
46,69	2,64
46,71	2,59
46,73	2,56
46,76	2,52
46,78	2,50
46,81	2,52
46,83	2,45
46,86	2,42
46,88	2,42
46,91	2,39
46,93	2,37
46,95	2,33
46,98	2,27
47,00	2,28
47,03	2,24
47,05	2,18
47,08	2,15
47,10	2,07
47,13	2,04
47,15	2,05
47,17	2,02
47,20	1,99
47,22	1,95
47,25	1,90
47,27	1,94
47,30	1,89
47,32	1,83
47,35	1,79
47,37	1,74
47,39	1,73
47,42	1,68
47,44	1,63
47,47	1,61
47,49	1,56
47,52	1,52
47,54	1,52
47,57	1,47
47,59	1,45
47,61	1,43
47,64	1,41
47,66	1,40
47,69	1,39
47,71	1,33
47,74	1,34
47,76	1,31
47,78	1,28
47,81	1,26
47,83	1,19
47,86	1,18
47,88	1,21
47,91	1,20
47,93	1,19
47,96	1,15
47,98	1,15
48,00	1,19
48,03	1,17
48,05	1,13
48,08	1,09
48,10	1,08
48,13	1,06
48,15	1,05
48,18	1,03
48,20	1,02
48,22	1,00
48,25	1,00
48,27	1,04
48,30	1,00
48,32	0,99
48,35	1,00
48,37	1,00
48,40	1,01
48,42	1,00
48,44	0,99
48,47	1,03
48,49	1,02
48,52	1,02
48,54	1,02
48,57	0,99
48,59	1,00
48,62	1,03
48,64	1,04
48,66	1,06
48,69	1,07
48,71	1,08
48,74	1,13
48,76	1,13
48,79	1,11
48,81	1,12
48,84	1,14
48,86	1,15
48,88	1,16
48,91	1,17
48,93	1,21
48,96	1,21
48,98	1,22
49,01	1,23
49,03	1,22
49,05	1,24
49,08	1,25
49,10	1,24
49,13	1,28
49,15	1,26
49,18	1,27
49,20	1,34
49,23	1,36
49,25	1,37
49,27	1,39
49,30	1,40
49,32	1,45
49,35	1,47
49,37	1,46
49,40	1,47
49,42	1,49
49,45	1,51
49,47	1,54
49,49	1,56
49,52	1,58
49,54	1,59
49,57	1,59
49,59	1,62
49,62	1,64
49,64	1,65
49,67	1,67
49,69	1,70
49,71	1,73
49,74	1,78
49,76	1,77
49,79	1,80
49,81	1,82
49,84	1,83
49,86	1,86
49,89	1,85
49,91	1,88
49,93	1,97
49,96	1,99
49,98	2,03
50,01	2,06
50,03	2,08
50,06	2,14
50,08	2,18
50,10	2,18
50,13	2,20
50,15	2,20
50,18	2,24
50,20	2,28
50,23	2,31
50,25	2,33
50,28	2,36
50,30	2,40
50,32	2,44
50,35	2,47
50,37	2,49
50,40	2,51
50,42	2,53
50,45	2,55
50,47	2,57
50,50	2,60
50,52	2,62
50,54	2,64
50,57	2,68
50,59	2,72
50,62	2,71
50,64	2,74
50,67	2,80
50,69	2,83
50,72	2,84
50,74	2,87
50,76	2,88
50,79	2,93
50,81	2,95
50,84	2,93
50,86	2,96
50,89	2,96
50,91	2,97
50,94	3,00
50,96	3,02
50,98	3,03
51,01	3,04
51,03	3,05
51,06	3,08
51,08	3,10
51,11	3,08
51,13	3,08
51,15	3,07
51,18	3,09
51,20	3,08
51,23	3,08
51,25	3,08
51,28	3,07
51,30	3,06
51,33	3,08
51,35	3,03
51,37	3,02
51,40	3,03
51,42	3,02
51,45	3,03
51,47	3,04
51,50	3,02
51,52	3,04
51,55	3,04
51,57	3,00
51,59	2,99
51,62	2,93
51,64	2,90
51,67	2,92
51,69	2,89
51,72	2,89
51,74	2,86
51,77	2,83
51,79	2,88
51,81	2,85
51,84	2,83
51,86	2,78
51,89	2,74
51,91	2,73
51,94	2,70
51,96	2,63
51,99	2,59
52,01	2,53
52,03	2,51
52,06	2,51
52,08	2,44
52,11	2,41
52,13	2,41
52,16	2,38
52,18	2,37
52,20	2,34
52,23	2,28
52,25	2,30
52,28	2,24
52,30	2,19
52,33	2,18
52,35	2,09
52,38	2,09
52,40	2,10
52,42	2,07
52,45	2,06
52,47	2,04
52,50	2,01
52,52	2,04
52,55	2,00
52,57	1,93
52,60	1,92
52,62	1,87
52,64	1,85
52,67	1,82
52,69	1,78
52,72	1,77
52,74	1,72
52,77	1,70
52,79	1,71
52,82	1,66
52,84	1,64
52,86	1,61
52,89	1,59
52,91	1,59
52,94	1,57
52,96	1,55
52,99	1,57
53,01	1,54
53,04	1,53
53,06	1,52
53,08	1,47
53,11	1,45
53,13	1,46
53,16	1,45
53,18	1,45
53,21	1,43
53,23	1,41
53,26	1,46
53,28	1,45
53,30	1,41
53,33	1,40
53,35	1,36
53,38	1,36
53,40	1,36
53,43	1,33
53,45	1,33
53,47	1,33
53,50	1,32
53,52	1,36
53,55	1,36
53,57	1,35
53,60	1,36
53,62	1,36
53,65	1,36
53,67	1,36
53,69	1,35
53,72	1,35
53,74	1,36
53,77	1,35
53,79	1,36
53,82	1,34
53,84	1,35
53,87	1,40
53,89	1,41
53,91	1,42
53,94	1,44
53,96	1,44
53,99	1,50
54,01	1,50
54,04	1,47
54,06	1,47
54,09	1,47
54,11	1,48
54,13	1,49
54,16	1,49
54,18	1,51
54,21	1,52
54,23	1,54
54,26	1,59
54,28	1,60
54,31	1,62
54,33	1,63
54,35	1,64
54,38	1,67
54,40	1,68
54,43	1,68
54,45	1,69
54,48	1,71
54,50	1,73
54,52	1,75
54,55	1,74
54,57	1,75
54,60	1,80
54,62	1,82
54,65	1,85
54,67	1,86
54,70	1,88
54,72	1,95
54,74	1,98
54,77	1,97
54,79	2,00
54,82	1,99
54,84	2,03
54,87	2,04
54,89	2,05
54,92	2,07
54,94	2,09
54,96	2,11
54,99	2,16
55,01	2,19
55,04	2,22
55,06	2,25
55,09	2,27
55,11	2,31
55,14	2,35
55,16	2,36
55,18	2,38
55,21	2,41
55,23	2,43
55,26	2,45
55,28	2,44
55,31	2,46
55,33	2,52
55,36	2,55
55,38	2,58
55,40	2,61
55,43	2,64
55,45	2,71
55,48	2,73
55,50	2,72
55,53	2,74
55,55	2,74
55,57	2,76
55,60	2,79
55,62	2,80
55,65	2,83
55,67	2,84
55,70	2,87
55,72	2,94
55,75	2,96
55,77	2,98
55,79	3,00
55,82	3,02
55,84	3,05
55,87	3,06
55,89	3,06
55,92	3,08
55,94	3,08
55,97	3,10
55,99	3,12
56,01	3,13
56,04	3,14
56,06	3,18
56,09	3,19
56,11	3,21
56,14	3,22
56,16	3,22
56,19	3,26
56,21	3,26
56,23	3,24
56,26	3,24
56,28	3,21
56,31	3,22
56,33	3,21
56,36	3,17
56,38	3,18
56,41	3,17
56,43	3,16
56,45	3,20
56,48	3,18
56,50	3,20
56,53	3,20
56,55	3,17
56,58	3,18
56,60	3,17
56,62	3,16
56,65	3,15
56,67	3,10
56,70	3,09
56,72	3,10
56,75	3,06
56,77	3,06
56,80	3,03
56,82	3,02
56,84	3,03
56,87	3,00
56,89	2,98
56,92	3,00
56,94	2,97
56,97	2,97
56,99	2,94
57,02	2,87
57,04	2,86
57,06	2,83
57,09	2,78
57,11	2,78
57,14	2,72
57,16	2,71
57,19	2,76
57,21	2,74
57,24	2,72
57,26	2,69
57,28	2,66
57,31	2,66
57,33	2,62
57,36	2,56
57,38	2,53
57,41	2,49
57,43	2,47
57,46	2,45
57,48	2,44
57,50	2,42
57,53	2,41
57,55	2,39
57,58	2,39
57,60	2,36
57,63	2,33
57,65	2,35
57,68	2,31
57,70	2,28
57,72	2,26
57,75	2,19
57,77	2,18
57,80	2,14
57,82	2,09
57,85	2,10
57,87	2,05
57,89	2,03
57,92	2,09
57,94	2,07
57,97	2,06
57,99	2,04
58,02	2,01
58,04	2,01
58,07	1,99
58,09	1,94
58,11	1,93
58,14	1,91
58,16	1,89
58,19	1,90
58,21	1,89
58,24	1,88
58,26	1,87
58,29	1,85
58,31	1,86
58,33	1,85
58,36	1,83
58,38	1,85
58,41	1,84
58,43	1,84
58,46	1,84
58,48	1,78
58,51	1,78
58,53	1,77
58,55	1,72
58,58	1,70
58,60	1,68
58,63	1,67
58,65	1,74
58,68	1,73
58,70	1,74
58,73	1,74
58,75	1,76
58,77	1,78
58,80	1,77
58,82	1,75
58,85	1,76
58,87	1,74
58,90	1,74
58,92	1,76
58,94	1,77
58,97	1,78
58,99	1,77
59,02	1,79
59,04	1,81
59,07	1,82
59,09	1,81
59,12	1,85
59,14	1,86
59,16	1,86
59,19	1,86
59,21	1,83
59,24	1,84
59,26	1,85
59,29	1,83
59,31	1,86
59,34	1,85
59,36	1,86
59,38	1,93
59,41	1,94
59,43	1,95
59,46	1,96
59,48	1,96
59,51	2,00
59,53	2,02
59,56	2,01
59,58	2,02
59,60	2,03
59,63	2,04
59,65	2,07
59,68	2,08
59,70	2,10
59,73	2,13
59,75	2,15
59,78	2,18
59,80	2,21
59,82	2,22
59,85	2,27
59,87	2,29
59,90	2,31
59,92	2,32
59,95	2,32
59,97	2,33
59,99	2,33
