Voltage U1	Current IA
U1/V	IA/nA

0,02	0,29
0,04	0,28
0,07	0,27
0,09	0,26
0,12	0,27
0,14	0,24
0,17	0,23
0,19	0,27
0,21	0,27
0,24	0,28
0,26	0,29
0,29	0,28
0,31	0,33
0,34	0,32
0,36	0,28
0,39	0,27
0,41	0,25
0,43	0,25
0,46	0,25
0,48	0,24
0,51	0,25
0,53	0,25
0,56	0,25
0,58	0,28
0,61	0,26
0,63	0,25
0,65	0,25
0,68	0,25
0,70	0,26
0,73	0,26
0,75	0,24
0,78	0,27
0,80	0,27
0,83	0,27
0,85	0,28
0,87	0,25
0,90	0,24
0,92	0,28
0,95	0,28
0,97	0,28
1,00	0,28
1,02	0,27
1,05	0,33
1,07	0,33
1,09	0,31
1,12	0,30
1,14	0,27
1,17	0,29
1,19	0,28
1,22	0,26
1,24	0,25
1,26	0,24
1,29	0,24
1,31	0,27
1,34	0,27
1,36	0,28
1,39	0,28
1,41	0,28
1,44	0,30
1,46	0,29
1,48	0,28
1,51	0,27
1,53	0,26
1,56	0,26
1,58	0,26
1,61	0,22
1,63	0,23
1,66	0,26
1,68	0,27
1,70	0,25
1,73	0,27
1,75	0,26
1,78	0,32
1,80	0,30
1,83	0,26
1,85	0,27
1,88	0,26
1,90	0,26
1,92	0,26
1,95	0,26
1,97	0,28
2,00	0,26
2,02	0,26
2,05	0,29
2,07	0,28
2,10	0,27
2,12	0,25
2,14	0,26
2,17	0,27
2,19	0,26
2,22	0,25
2,24	0,26
2,27	0,27
2,29	0,26
2,31	0,26
2,34	0,23
2,36	0,24
2,39	0,27
2,41	0,26
2,44	0,29
2,46	0,30
2,49	0,30
2,51	0,34
2,53	0,34
2,56	0,31
2,58	0,30
2,61	0,25
2,63	0,25
2,66	0,26
2,68	0,23
2,71	0,23
2,73	0,23
2,75	0,24
2,78	0,30
2,80	0,28
2,83	0,28
2,85	0,29
2,88	0,28
2,90	0,28
2,93	0,28
2,95	0,26
2,97	0,27
3,00	0,27
3,02	0,27
3,05	0,28
3,07	0,26
3,10	0,25
3,12	0,29
3,15	0,29
3,17	0,29
3,19	0,29
3,22	0,27
3,24	0,34
3,27	0,33
3,29	0,30
3,32	0,30
3,34	0,28
3,36	0,28
3,39	0,26
3,41	0,24
3,44	0,24
3,46	0,23
3,49	0,23
3,51	0,28
3,54	0,30
3,56	0,30
3,58	0,30
3,61	0,30
3,63	0,30
3,66	0,32
3,68	0,27
3,71	0,27
3,73	0,26
3,76	0,26
3,78	0,27
3,80	0,24
3,83	0,24
3,85	0,28
3,88	0,27
3,90	0,28
3,93	0,28
3,95	0,27
3,98	0,33
4,00	0,33
4,02	0,30
4,05	0,29
4,07	0,26
4,10	0,27
4,12	0,26
4,15	0,24
4,17	0,24
4,20	0,22
4,22	0,23
4,24	0,27
4,27	0,27
4,29	0,26
4,32	0,26
4,34	0,26
4,37	0,28
4,39	0,28
4,42	0,25
4,44	0,25
4,46	0,25
4,49	0,25
4,51	0,25
4,54	0,23
4,56	0,23
4,59	0,26
4,61	0,27
4,63	0,28
4,66	0,28
4,68	0,28
4,71	0,33
4,73	0,32
4,76	0,30
4,78	0,29
4,81	0,25
4,83	0,26
4,85	0,26
4,88	0,23
4,90	0,24
4,93	0,23
4,95	0,23
4,98	0,29
5,00	0,28
5,03	0,28
5,05	0,27
5,07	0,27
5,10	0,28
5,12	0,27
5,15	0,25
5,17	0,26
5,20	0,26
5,22	0,25
5,25	0,26
5,27	0,27
5,29	0,27
5,32	0,27
5,34	0,27
5,37	0,27
5,39	0,28
5,42	0,26
5,44	0,30
5,47	0,30
5,49	0,30
5,51	0,29
5,54	0,27
5,56	0,28
5,59	0,28
5,61	0,24
5,64	0,24
5,66	0,23
5,68	0,22
5,71	0,27
5,73	0,27
5,76	0,28
5,78	0,28
5,81	0,28
5,83	0,30
5,86	0,31
5,88	0,29
5,90	0,28
5,93	0,27
5,95	0,26
5,98	0,27
6,00	0,26
6,03	0,26
6,05	0,26
6,08	0,26
6,10	0,29
6,12	0,29
6,15	0,28
6,17	0,31
6,20	0,31
6,22	0,31
6,25	0,31
6,27	0,27
6,30	0,27
6,32	0,27
6,34	0,24
6,37	0,25
6,39	0,23
6,42	0,23
6,44	0,29
6,47	0,29
6,49	0,28
6,52	0,28
6,54	0,28
6,56	0,30
6,59	0,29
6,61	0,27
6,64	0,26
6,66	0,26
6,69	0,26
6,71	0,28
6,73	0,28
6,76	0,29
6,78	0,28
6,81	0,29
6,83	0,31
6,86	0,30
6,88	0,28
6,91	0,32
6,93	0,31
6,95	0,31
6,98	0,31
7,00	0,27
7,03	0,27
7,05	0,26
7,08	0,23
7,10	0,24
7,13	0,21
7,15	0,22
7,17	0,27
7,20	0,28
7,22	0,28
7,25	0,28
7,27	0,26
7,30	0,29
7,32	0,29
7,35	0,26
7,37	0,26
7,39	0,25
7,42	0,25
7,44	0,27
7,47	0,27
7,49	0,26
7,52	0,27
7,54	0,27
7,57	0,29
7,59	0,28
7,61	0,28
7,64	0,31
7,66	0,31
7,69	0,31
7,71	0,31
7,74	0,26
7,76	0,27
7,78	0,26
7,81	0,22
7,83	0,23
7,86	0,21
7,88	0,21
7,91	0,28
7,93	0,28
7,96	0,28
7,98	0,29
8,00	0,29
8,03	0,31
8,05	0,30
8,08	0,26
8,10	0,27
8,13	0,24
8,15	0,24
8,18	0,25
8,20	0,26
8,22	0,26
8,25	0,27
8,27	0,27
8,30	0,29
8,32	0,29
8,35	0,27
8,37	0,31
8,40	0,29
8,42	0,29
8,44	0,29
8,47	0,26
8,49	0,26
8,52	0,26
8,54	0,23
8,57	0,25
8,59	0,22
8,62	0,22
8,64	0,28
8,66	0,28
8,69	0,28
8,71	0,27
8,74	0,27
8,76	0,29
8,79	0,29
8,81	0,26
8,84	0,26
8,86	0,25
8,88	0,25
8,91	0,26
8,93	0,26
8,96	0,26
8,98	0,27
9,01	0,27
9,03	0,29
9,05	0,30
9,08	0,28
9,10	0,31
9,13	0,30
9,15	0,31
9,18	0,30
9,20	0,26
9,23	0,27
9,25	0,26
9,27	0,23
9,30	0,24
9,32	0,21
9,35	0,22
9,37	0,28
9,40	0,28
9,42	0,28
9,45	0,29
9,47	0,28
9,49	0,31
9,52	0,30
9,54	0,27
9,57	0,27
9,59	0,25
9,62	0,25
9,64	0,27
9,67	0,27
9,69	0,27
9,71	0,26
9,74	0,27
9,76	0,30
9,79	0,29
9,81	0,28
9,84	0,31
9,86	0,29
9,89	0,30
9,91	0,29
9,93	0,29
9,96	0,29
9,98	0,28
10,01	0,26
10,03	0,28
10,06	0,25
10,08	0,24
10,10	0,28
10,13	0,28
10,15	0,28
10,18	0,26
10,20	0,25
10,23	0,28
10,25	0,27
10,28	0,24
10,30	0,23
10,32	0,23
10,35	0,24
10,37	0,27
10,40	0,29
10,42	0,28
10,45	0,29
10,47	0,28
10,50	0,29
10,52	0,28
10,54	0,26
10,57	0,26
10,59	0,25
10,62	0,25
10,64	0,25
10,67	0,26
10,69	0,28
10,72	0,25
10,74	0,25
10,76	0,26
10,79	0,22
10,81	0,22
10,84	0,25
10,86	0,25
10,89	0,27
10,91	0,28
10,94	0,28
10,96	0,32
10,98	0,33
11,01	0,28
11,03	0,28
11,06	0,25
11,08	0,24
11,11	0,26
11,13	0,25
11,15	0,26
11,18	0,28
11,20	0,30
11,23	0,33
11,25	0,33
11,28	0,32
11,30	0,30
11,33	0,28
11,35	0,27
11,37	0,26
11,40	0,24
11,42	0,24
11,45	0,25
11,47	0,26
11,50	0,29
11,52	0,27
11,55	0,28
11,57	0,33
11,59	0,32
11,62	0,31
11,64	0,30
11,67	0,30
11,69	0,32
11,72	0,31
11,74	0,28
11,77	0,29
11,79	0,28
11,81	0,27
11,84	0,30
11,86	0,30
11,89	0,31
11,91	0,30
11,94	0,28
11,96	0,33
11,99	0,34
12,01	0,31
12,03	0,31
12,06	0,29
12,08	0,31
12,11	0,31
12,13	0,28
12,16	0,28
12,18	0,27
12,21	0,27
12,23	0,29
12,25	0,26
12,28	0,26
12,30	0,29
12,33	0,31
12,35	0,29
12,38	0,31
12,40	0,29
12,42	0,33
12,45	0,33
12,47	0,29
12,50	0,29
12,52	0,26
12,55	0,26
12,57	0,29
12,60	0,29
12,62	0,29
12,64	0,29
12,67	0,30
12,69	0,34
12,72	0,34
12,74	0,32
12,77	0,31
12,79	0,30
12,82	0,30
12,84	0,29
12,86	0,28
12,89	0,28
12,91	0,27
12,94	0,28
12,96	0,31
12,99	0,27
13,01	0,27
13,04	0,30
13,06	0,29
13,08	0,30
13,11	0,30
13,13	0,29
13,16	0,33
13,18	0,33
13,21	0,31
13,23	0,32
13,26	0,29
13,28	0,29
13,30	0,31
13,33	0,32
13,35	0,32
13,38	0,33
13,40	0,32
13,43	0,36
13,45	0,36
13,47	0,33
13,50	0,32
13,52	0,30
13,55	0,30
13,57	0,29
13,60	0,27
13,62	0,28
13,65	0,27
13,67	0,28
13,69	0,29
13,72	0,26
13,74	0,25
13,77	0,26
13,79	0,25
13,82	0,26
13,84	0,26
13,87	0,26
13,89	0,30
13,91	0,31
13,94	0,31
13,96	0,31
13,99	0,28
14,01	0,28
14,04	0,31
14,06	0,30
14,09	0,31
14,11	0,31
14,13	0,30
14,16	0,36
14,18	0,35
14,21	0,33
14,23	0,32
14,26	0,29
14,28	0,30
14,31	0,29
14,33	0,27
14,35	0,26
14,38	0,26
14,40	0,26
14,43	0,30
14,45	0,27
14,48	0,28
14,50	0,30
14,52	0,28
14,55	0,31
14,57	0,29
14,60	0,29
14,62	0,30
14,65	0,29
14,67	0,29
14,70	0,30
14,72	0,26
14,74	0,27
14,77	0,30
14,79	0,32
14,82	0,32
14,84	0,31
14,87	0,32
14,89	0,38
14,92	0,36
14,94	0,32
14,96	0,34
14,99	0,31
15,01	0,32
15,04	0,32
15,06	0,29
15,09	0,31
15,11	0,29
15,14	0,28
15,16	0,32
15,18	0,31
15,21	0,31
15,23	0,31
15,26	0,32
15,28	0,33
15,31	0,35
15,33	0,34
15,36	0,35
15,38	0,35
15,40	0,34
15,43	0,35
15,45	0,31
15,48	0,31
15,50	0,34
15,53	0,34
15,55	0,36
15,57	0,36
15,60	0,36
15,62	0,42
15,65	0,43
15,67	0,39
15,70	0,39
15,72	0,37
15,75	0,37
15,77	0,38
15,79	0,35
15,82	0,35
15,84	0,35
15,87	0,34
15,89	0,39
15,92	0,38
15,94	0,38
15,97	0,38
15,99	0,39
16,01	0,39
16,04	0,39
16,06	0,39
16,09	0,40
16,11	0,41
16,14	0,41
16,16	0,42
16,19	0,40
16,21	0,41
16,23	0,45
16,26	0,43
16,28	0,44
16,31	0,45
16,33	0,45
16,36	0,52
16,38	0,51
16,41	0,49
16,43	0,48
16,45	0,46
16,48	0,45
16,50	0,45
16,53	0,42
16,55	0,44
16,58	0,43
16,60	0,44
16,63	0,50
16,65	0,50
16,67	0,49
16,70	0,52
16,72	0,50
16,75	0,51
16,77	0,53
16,80	0,50
16,82	0,53
16,84	0,54
16,87	0,54
16,89	0,56
16,92	0,56
16,94	0,56
16,97	0,60
16,99	0,61
17,02	0,62
17,04	0,62
17,06	0,62
17,09	0,67
17,11	0,67
17,14	0,64
17,16	0,65
17,19	0,62
17,21	0,63
17,24	0,63
17,26	0,60
17,28	0,61
17,31	0,60
17,33	0,59
17,36	0,64
17,38	0,63
17,41	0,62
17,43	0,63
17,46	0,63
17,48	0,64
17,50	0,64
17,53	0,62
17,55	0,61
17,58	0,60
17,60	0,58
17,63	0,59
17,65	0,57
17,68	0,57
17,70	0,58
17,72	0,57
17,75	0,58
17,77	0,58
17,80	0,57
17,82	0,60
17,85	0,58
17,87	0,55
17,89	0,55
17,92	0,51
17,94	0,50
17,97	0,49
17,99	0,45
18,02	0,46
18,04	0,44
18,07	0,43
18,09	0,47
18,11	0,46
18,14	0,46
18,16	0,45
18,19	0,44
18,21	0,45
18,24	0,44
18,26	0,42
18,29	0,42
18,31	0,41
18,33	0,40
18,36	0,41
18,38	0,41
18,41	0,40
18,43	0,39
18,46	0,39
18,48	0,40
18,51	0,39
18,53	0,38
18,55	0,40
18,58	0,39
18,60	0,38
18,63	0,38
18,65	0,34
18,68	0,33
18,70	0,32
18,73	0,30
18,75	0,31
18,77	0,29
18,80	0,29
18,82	0,35
18,85	0,35
18,87	0,36
18,90	0,35
18,92	0,35
18,94	0,38
18,97	0,36
18,99	0,36
19,02	0,34
19,04	0,34
19,07	0,34
19,09	0,35
19,12	0,36
19,14	0,36
19,16	0,36
19,19	0,37
19,21	0,39
19,24	0,39
19,26	0,37
19,29	0,40
19,31	0,40
19,34	0,40
19,36	0,42
19,38	0,38
19,41	0,39
19,43	0,39
19,46	0,37
19,48	0,37
19,51	0,35
19,53	0,34
19,56	0,40
19,58	0,41
19,60	0,42
19,63	0,42
19,65	0,43
19,68	0,46
19,70	0,47
19,73	0,43
19,75	0,43
19,78	0,42
19,80	0,43
19,82	0,44
19,85	0,44
19,87	0,46
19,90	0,48
19,92	0,49
19,95	0,51
19,97	0,51
19,99	0,52
20,02	0,55
20,04	0,55
20,07	0,54
20,09	0,55
20,12	0,51
20,14	0,51
20,17	0,51
20,19	0,49
20,21	0,53
20,24	0,51
20,26	0,51
20,29	0,59
20,31	0,58
20,34	0,58
20,36	0,57
20,39	0,58
20,41	0,61
20,43	0,62
20,46	0,62
20,48	0,64
20,51	0,66
20,53	0,65
20,56	0,66
20,58	0,66
20,61	0,67
20,63	0,66
20,65	0,65
20,68	0,69
20,70	0,70
20,73	0,71
20,75	0,76
20,78	0,76
20,80	0,79
20,83	0,78
20,85	0,74
20,87	0,76
20,90	0,76
20,92	0,72
20,95	0,73
20,97	0,73
21,00	0,75
21,02	0,83
21,05	0,84
21,07	0,84
21,09	0,89
21,12	0,88
21,14	0,91
21,17	0,92
21,19	0,89
21,22	0,90
21,24	0,89
21,26	0,89
21,29	0,92
21,31	0,93
21,34	0,94
21,36	0,95
21,39	0,98
21,41	1,00
21,44	1,02
21,46	1,02
21,48	1,06
21,51	1,07
21,53	1,08
21,56	1,08
21,58	1,07
21,61	1,08
21,63	1,09
21,66	1,06
21,68	1,09
21,70	1,07
21,73	1,08
21,75	1,15
21,78	1,15
21,80	1,16
21,83	1,17
21,85	1,17
21,88	1,21
21,90	1,23
21,92	1,19
21,95	1,20
21,97	1,19
22,00	1,18
22,02	1,19
22,05	1,19
22,07	1,18
22,10	1,17
22,12	1,13
22,14	1,15
22,17	1,14
22,19	1,12
22,22	1,13
22,24	1,10
22,27	1,09
22,29	1,10
22,31	1,07
22,34	1,06
22,36	1,03
22,39	0,98
22,41	0,98
22,44	0,93
22,46	0,90
22,49	0,92
22,51	0,90
22,53	0,88
22,56	0,86
22,58	0,83
22,61	0,84
22,63	0,83
22,66	0,77
22,68	0,73
22,71	0,69
22,73	0,67
22,75	0,67
22,78	0,65
22,80	0,64
22,83	0,61
22,85	0,61
22,88	0,62
22,90	0,61
22,93	0,58
22,95	0,57
22,97	0,54
23,00	0,54
23,02	0,52
23,05	0,50
23,07	0,49
23,10	0,47
23,12	0,47
23,15	0,49
23,17	0,44
23,19	0,43
23,22	0,47
23,24	0,46
23,27	0,46
23,29	0,44
23,32	0,43
23,34	0,46
23,36	0,44
23,39	0,41
23,41	0,39
23,44	0,38
23,46	0,39
23,49	0,41
23,51	0,42
23,54	0,40
23,56	0,40
23,58	0,40
23,61	0,42
23,63	0,40
23,66	0,38
23,68	0,39
23,71	0,38
23,73	0,39
23,76	0,40
23,78	0,39
23,80	0,42
23,83	0,40
23,85	0,40
23,88	0,42
23,90	0,40
23,93	0,39
23,95	0,42
23,98	0,43
24,00	0,46
24,02	0,47
24,05	0,46
24,07	0,50
24,10	0,52
24,12	0,48
24,15	0,48
24,17	0,44
24,20	0,44
24,22	0,48
24,24	0,48
24,27	0,51
24,29	0,52
24,32	0,54
24,34	0,59
24,37	0,60
24,39	0,58
24,42	0,57
24,44	0,54
24,46	0,54
24,49	0,54
24,51	0,53
24,54	0,54
24,56	0,56
24,59	0,58
24,61	0,63
24,63	0,60
24,66	0,61
24,68	0,66
24,71	0,66
24,73	0,65
24,76	0,65
24,78	0,65
24,81	0,70
24,83	0,71
24,85	0,68
24,88	0,70
24,90	0,71
24,93	0,71
24,95	0,76
24,98	0,76
25,00	0,78
25,03	0,79
25,05	0,78
25,07	0,84
25,10	0,85
25,12	0,84
25,15	0,85
25,17	0,85
25,20	0,86
25,22	0,87
25,25	0,86
25,27	0,87
25,29	0,88
25,32	0,89
25,34	0,92
25,37	0,91
25,39	0,93
25,42	0,94
25,44	0,95
25,47	0,96
25,49	0,99
25,51	0,98
25,54	1,03
25,56	1,04
25,59	1,06
25,61	1,08
25,64	1,07
25,66	1,09
25,68	1,14
25,71	1,15
25,73	1,16
25,76	1,17
25,78	1,18
25,81	1,24
25,83	1,25
25,86	1,23
25,88	1,25
25,90	1,25
25,93	1,26
25,95	1,28
25,98	1,27
26,00	1,31
26,03	1,32
26,05	1,33
26,08	1,37
26,10	1,36
26,12	1,37
26,15	1,39
26,17	1,39
26,20	1,41
26,22	1,43
26,25	1,43
26,27	1,48
26,30	1,50
26,32	1,51
26,34	1,52
26,37	1,51
26,39	1,53
26,42	1,58
26,44	1,60
26,47	1,62
26,49	1,63
26,52	1,64
26,54	1,70
26,56	1,71
26,59	1,68
26,61	1,68
26,64	1,66
26,66	1,67
26,69	1,68
26,71	1,66
26,73	1,67
26,76	1,66
26,78	1,65
26,81	1,68
26,83	1,67
26,86	1,66
26,88	1,64
26,91	1,62
26,93	1,62
26,95	1,60
26,98	1,56
27,00	1,54
27,03	1,51
27,05	1,49
27,08	1,47
27,10	1,42
27,13	1,39
27,15	1,40
27,17	1,35
27,20	1,34
27,22	1,29
27,25	1,26
27,27	1,28
27,30	1,23
27,32	1,18
27,35	1,13
27,37	1,06
27,39	1,04
27,42	0,99
27,44	0,92
27,47	0,89
27,49	0,86
27,52	0,83
27,54	0,85
27,57	0,83
27,59	0,82
27,61	0,80
27,64	0,76
27,66	0,75
27,69	0,73
27,71	0,69
27,74	0,67
27,76	0,63
27,78	0,63
27,81	0,63
27,83	0,58
27,86	0,57
27,88	0,60
27,91	0,60
27,93	0,59
27,96	0,57
27,98	0,54
28,00	0,59
28,03	0,56
28,05	0,50
28,08	0,50
28,10	0,46
28,13	0,45
28,15	0,45
28,18	0,44
28,20	0,45
28,22	0,42
28,25	0,41
28,27	0,45
28,30	0,45
28,32	0,45
28,35	0,44
28,37	0,45
28,40	0,47
28,42	0,47
28,44	0,45
28,47	0,47
28,49	0,46
28,52	0,45
28,54	0,45
28,57	0,43
28,59	0,44
28,62	0,49
28,64	0,49
28,66	0,52
28,69	0,53
28,71	0,54
28,74	0,59
28,76	0,59
28,79	0,55
28,81	0,54
28,84	0,52
28,86	0,52
28,88	0,53
28,91	0,52
28,93	0,54
28,96	0,54
28,98	0,56
29,01	0,62
29,03	0,62
29,05	0,63
29,08	0,63
29,10	0,64
29,13	0,66
29,15	0,66
29,18	0,66
29,20	0,67
29,23	0,69
29,25	0,70
29,27	0,69
29,30	0,69
29,32	0,69
29,35	0,74
29,37	0,74
29,40	0,76
29,42	0,78
29,45	0,80
29,47	0,87
29,49	0,88
29,52	0,86
29,54	0,86
29,57	0,84
29,59	0,84
29,62	0,85
29,64	0,83
29,67	0,85
29,69	0,87
29,71	0,89
29,74	0,96
29,76	0,97
29,79	0,99
29,81	1,03
29,84	1,04
29,86	1,05
29,89	1,07
29,91	1,05
29,93	1,09
29,96	1,08
29,98	1,08
30,01	1,11
30,03	1,13
30,06	1,15
30,08	1,16
30,10	1,18
30,13	1,21
30,15	1,23
30,18	1,24
30,20	1,28
30,23	1,29
30,25	1,30
30,28	1,32
30,30	1,30
30,32	1,33
30,35	1,34
30,37	1,34
30,40	1,37
30,42	1,37
30,45	1,38
30,47	1,45
30,50	1,46
30,52	1,48
30,54	1,50
30,57	1,51
30,59	1,55
30,62	1,58
30,64	1,58
30,67	1,60
30,69	1,62
30,72	1,65
30,74	1,67
30,76	1,69
30,79	1,71
30,81	1,73
30,84	1,74
30,86	1,77
30,89	1,79
30,91	1,81
30,94	1,86
30,96	1,88
30,98	1,90
31,01	1,93
31,03	1,91
31,06	1,93
31,08	1,94
31,11	1,93
31,13	1,96
31,15	1,95
31,18	1,98
31,20	2,06
31,23	2,07
31,25	2,09
31,28	2,11
31,30	2,12
31,33	2,16
31,35	2,16
31,37	2,15
31,40	2,17
31,42	2,16
31,45	2,16
31,47	2,18
31,50	2,18
31,52	2,18
31,55	2,17
31,57	2,18
31,59	2,21
31,62	2,19
31,64	2,18
31,67	2,20
31,69	2,19
31,72	2,17
31,74	2,13
31,77	2,06
31,79	2,03
31,81	2,00
31,84	1,93
31,86	1,91
31,89	1,86
31,91	1,82
31,94	1,87
31,96	1,82
31,99	1,78
32,01	1,74
32,03	1,67
32,06	1,66
32,08	1,62
32,11	1,53
32,13	1,50
32,16	1,44
32,18	1,42
32,20	1,41
32,23	1,39
32,25	1,34
32,28	1,30
32,30	1,26
32,33	1,25
32,35	1,21
32,38	1,14
32,40	1,15
32,42	1,11
32,45	1,08
32,47	1,06
32,50	0,99
32,52	0,98
32,55	0,94
32,57	0,86
32,60	0,86
32,62	0,80
32,64	0,76
32,67	0,80
32,69	0,79
32,72	0,76
32,74	0,75
32,77	0,72
32,79	0,74
32,82	0,74
32,84	0,69
32,86	0,66
32,89	0,64
32,91	0,63
32,94	0,63
32,96	0,61
32,99	0,61
33,01	0,61
33,04	0,62
33,06	0,63
33,08	0,61
33,11	0,60
33,13	0,63
33,16	0,60
33,18	0,58
33,21	0,57
33,23	0,53
33,26	0,54
33,28	0,55
33,30	0,52
33,33	0,55
33,35	0,52
33,38	0,53
33,40	0,60
33,43	0,59
33,45	0,59
33,47	0,57
33,50	0,58
33,52	0,61
33,55	0,62
33,57	0,61
33,60	0,62
33,62	0,63
33,65	0,63
33,67	0,65
33,69	0,66
33,72	0,66
33,74	0,65
33,77	0,65
33,79	0,69
33,82	0,71
33,84	0,70
33,87	0,75
33,89	0,77
33,91	0,80
33,94	0,81
33,96	0,79
33,99	0,79
34,01	0,81
34,04	0,77
34,06	0,78
34,09	0,76
34,11	0,78
34,13	0,86
34,16	0,88
34,18	0,90
34,21	0,94
34,23	0,95
34,26	0,99
34,28	1,01
34,31	0,97
34,33	1,01
34,35	1,00
34,38	1,02
34,40	1,05
34,43	1,07
34,45	1,08
34,48	1,10
34,50	1,12
34,52	1,16
34,55	1,17
34,57	1,19
34,60	1,23
34,62	1,24
34,65	1,26
34,67	1,28
34,70	1,29
34,72	1,31
34,74	1,33
34,77	1,33
34,79	1,36
34,82	1,35
34,84	1,37
34,87	1,43
34,89	1,45
34,92	1,47
34,94	1,49
34,96	1,51
34,99	1,57
35,01	1,59
35,04	1,58
35,06	1,60
35,09	1,61
35,11	1,63
35,14	1,67
35,16	1,69
35,18	1,71
35,21	1,73
35,23	1,75
35,26	1,79
35,28	1,82
35,31	1,82
35,33	1,85
35,36	1,87
35,38	1,89
35,40	1,92
35,43	1,94
35,45	1,98
35,48	2,00
35,50	2,02
35,53	2,05
35,55	2,04
35,57	2,05
35,60	2,11
35,62	2,13
35,65	2,16
35,67	2,18
35,70	2,21
35,72	2,27
35,75	2,31
35,77	2,29
35,79	2,31
35,82	2,32
35,84	2,35
35,87	2,38
35,89	2,40
35,92	2,43
35,94	2,46
35,97	2,49
35,99	2,54
36,01	2,57
36,04	2,60
36,06	2,60
36,09	2,62
36,11	2,64
36,14	2,66
36,16	2,65
36,19	2,66
36,21	2,67
36,23	2,68
36,26	2,71
36,28	2,69
36,31	2,70
36,33	2,76
36,36	2,76
36,38	2,76
36,41	2,76
36,43	2,74
36,45	2,76
36,48	2,73
36,50	2,69
36,53	2,68
36,55	2,64
36,58	2,62
36,60	2,64
36,62	2,63
36,65	2,60
36,67	2,56
36,70	2,51
36,72	2,52
36,75	2,48
36,77	2,39
36,80	2,36
36,82	2,31
36,84	2,27
36,87	2,23
36,89	2,18
36,92	2,16
36,94	2,10
36,97	2,05
36,99	2,02
37,02	1,94
37,04	1,90
37,06	1,86
37,09	1,81
37,11	1,79
37,14	1,77
37,16	1,72
37,19	1,71
37,21	1,67
37,24	1,61
37,26	1,57
37,28	1,48
37,31	1,44
37,33	1,44
37,36	1,39
37,38	1,37
37,41	1,32
37,43	1,28
37,46	1,30
37,48	1,27
37,50	1,19
37,53	1,14
37,55	1,09
37,58	1,06
37,60	1,03
37,63	0,98
37,65	0,95
37,68	0,93
37,70	0,91
37,72	0,92
37,75	0,86
37,77	0,84
37,80	0,82
37,82	0,80
37,85	0,78
37,87	0,76
37,89	0,74
37,92	0,77
37,94	0,76
37,97	0,75
37,99	0,75
38,02	0,72
38,04	0,71
38,07	0,74
38,09	0,73
38,11	0,73
38,14	0,73
38,16	0,71
38,19	0,77
38,21	0,77
38,24	0,74
38,26	0,73
38,29	0,72
38,31	0,72
38,33	0,71
38,36	0,69
38,38	0,70
38,41	0,70
38,43	0,69
38,46	0,74
38,48	0,73
38,51	0,74
38,53	0,76
38,55	0,77
38,58	0,77
38,60	0,80
38,63	0,78
38,65	0,82
38,68	0,82
38,70	0,83
38,73	0,85
38,75	0,84
38,77	0,85
38,80	0,90
38,82	0,92
38,85	0,93
38,87	0,94
38,90	0,95
38,92	1,02
38,94	1,03
38,97	1,01
38,99	1,03
39,02	1,04
39,04	1,07
39,07	1,08
39,09	1,08
39,12	1,11
39,14	1,12
39,16	1,13
39,19	1,17
39,21	1,18
39,24	1,20
39,26	1,22
39,29	1,25
39,31	1,27
39,34	1,30
39,36	1,31
39,38	1,33
39,41	1,36
39,43	1,37
39,46	1,40
39,48	1,37
39,51	1,40
39,53	1,46
39,56	1,49
39,58	1,51
39,60	1,53
39,63	1,56
39,65	1,64
39,68	1,66
39,70	1,65
39,73	1,67
39,75	1,68
39,78	1,70
39,80	1,72
39,82	1,73
39,85	1,76
39,87	1,78
39,90	1,81
39,92	1,87
39,95	1,89
39,97	1,92
39,99	1,95
40,02	1,97
40,04	1,99
40,07	2,02
40,09	2,03
40,12	2,06
40,14	2,08
40,17	2,11
40,19	2,14
40,21	2,14
40,24	2,16
40,26	2,24
40,29	2,26
40,31	2,29
40,34	2,33
40,36	2,36
40,39	2,45
40,41	2,49
40,43	2,49
40,46	2,51
40,48	2,54
40,51	2,54
40,53	2,57
40,56	2,57
40,58	2,59
40,61	2,62
40,63	2,65
40,65	2,70
40,68	2,74
40,70	2,79
40,73	2,83
40,75	2,85
40,78	2,88
40,80	2,91
40,83	2,93
40,85	2,95
40,87	2,95
40,90	2,98
40,92	3,01
40,95	3,00
40,97	3,02
41,00	3,09
41,02	3,13
41,05	3,15
41,07	3,16
41,09	3,17
41,12	3,24
41,14	3,25
41,17	3,21
41,19	3,22
41,22	3,19
41,24	3,20
41,26	3,20
41,29	3,17
41,31	3,17
41,34	3,13
41,36	3,12
41,39	3,15
41,41	3,14
41,44	3,11
41,46	3,10
41,48	3,08
41,51	3,08
41,53	3,06
41,56	3,01
41,58	2,99
41,61	2,95
41,63	2,91
41,66	2,88
41,68	2,82
41,70	2,80
41,73	2,79
41,75	2,75
41,78	2,74
41,80	2,70
41,83	2,66
41,85	2,67
41,88	2,62
41,90	2,54
41,92	2,50
41,95	2,40
41,97	2,35
42,00	2,30
42,02	2,22
42,05	2,20
42,07	2,12
42,10	2,07
42,12	2,12
42,14	2,07
42,17	2,03
42,19	1,98
42,22	1,94
42,24	1,93
42,27	1,89
42,29	1,82
42,31	1,78
42,34	1,74
42,36	1,68
42,39	1,65
42,41	1,61
42,44	1,56
42,46	1,55
42,49	1,50
42,51	1,50
42,53	1,47
42,56	1,43
42,58	1,45
42,61	1,40
42,63	1,35
42,66	1,31
42,68	1,22
42,71	1,19
42,73	1,16
42,75	1,09
42,78	1,08
42,80	1,06
42,83	1,05
42,85	1,11
42,88	1,10
42,90	1,09
42,93	1,09
42,95	1,07
42,97	1,06
43,00	1,04
43,02	0,99
43,05	0,99
43,07	0,95
43,10	0,95
43,12	0,94
43,15	0,94
43,17	0,94
43,19	0,94
43,22	0,94
43,24	0,94
43,27	0,94
43,29	0,93
43,32	0,97
43,34	0,96
43,36	0,96
43,39	0,96
43,41	0,94
43,44	0,95
43,46	0,95
43,49	0,92
43,51	0,94
43,54	0,93
43,56	0,94
43,58	0,99
43,61	1,00
43,63	1,02
43,66	1,03
43,68	1,04
43,71	1,08
43,73	1,10
43,76	1,09
43,78	1,11
43,80	1,12
43,83	1,13
43,85	1,15
43,88	1,14
43,90	1,16
43,93	1,17
43,95	1,19
43,98	1,21
44,00	1,23
44,02	1,25
44,05	1,31
44,07	1,32
44,10	1,36
44,12	1,38
44,15	1,36
44,17	1,38
44,20	1,40
44,22	1,39
44,24	1,41
44,27	1,42
44,29	1,45
44,32	1,54
44,34	1,57
44,37	1,58
44,39	1,62
44,41	1,64
44,44	1,67
44,46	1,69
44,49	1,68
44,51	1,71
44,54	1,73
44,56	1,73
44,59	1,78
44,61	1,79
44,63	1,83
44,66	1,85
44,68	1,88
44,71	1,93
44,73	1,96
44,76	1,98
44,78	2,05
44,81	2,08
44,83	2,11
44,85	2,12
44,88	2,12
44,90	2,15
44,93	2,18
44,95	2,17
44,98	2,19
45,00	2,23
45,03	2,26
45,05	2,35
45,07	2,38
45,10	2,42
45,12	2,45
45,15	2,48
45,17	2,51
45,20	2,55
45,22	2,56
45,25	2,59
45,27	2,61
45,29	2,65
45,32	2,69
45,34	2,73
45,37	2,77
45,39	2,79
45,42	2,83
45,44	2,85
45,47	2,88
45,49	2,90
45,51	2,98
45,54	3,00
45,56	3,04
45,59	3,08
45,61	3,09
45,64	3,13
45,66	3,15
45,68	3,14
45,71	3,17
45,73	3,18
45,76	3,20
45,78	3,28
45,81	3,31
45,83	3,34
45,86	3,37
45,88	3,40
45,90	3,43
45,93	3,46
45,95	3,44
45,98	3,46
46,00	3,45
46,03	3,48
46,05	3,50
46,08	3,50
46,10	3,51
46,12	3,53
46,15	3,54
46,17	3,56
46,20	3,56
46,22	3,55
46,25	3,58
46,27	3,56
46,30	3,53
46,32	3,53
46,34	3,48
46,37	3,46
46,39	3,46
46,42	3,40
46,44	3,42
46,47	3,36
46,49	3,35
46,52	3,39
46,54	3,36
46,56	3,33
46,59	3,29
46,61	3,27
46,64	3,28
46,66	3,24
46,69	3,18
46,71	3,16
46,73	3,11
46,76	3,06
46,78	3,05
46,81	3,01
46,83	2,98
46,86	2,93
46,88	2,88
46,91	2,90
46,93	2,87
46,95	2,81
46,98	2,80
47,00	2,73
47,03	2,71
47,05	2,66
47,08	2,57
47,10	2,53
47,13	2,47
47,15	2,40
47,17	2,38
47,20	2,30
47,22	2,27
47,25	2,31
47,27	2,27
47,30	2,24
47,32	2,21
47,35	2,14
47,37	2,14
47,39	2,10
47,42	2,00
47,44	1,97
47,47	1,89
47,49	1,86
47,52	1,86
47,54	1,83
47,57	1,81
47,59	1,77
47,61	1,74
47,64	1,75
47,66	1,72
47,69	1,66
47,71	1,66
47,74	1,60
47,76	1,57
47,78	1,55
47,81	1,50
47,83	1,49
47,86	1,45
47,88	1,40
47,91	1,42
47,93	1,36
47,96	1,35
47,98	1,38
48,00	1,35
48,03	1,34
48,05	1,32
48,08	1,29
48,10	1,32
48,13	1,30
48,15	1,25
48,18	1,26
48,20	1,23
48,22	1,22
48,25	1,24
48,27	1,24
48,30	1,25
48,32	1,24
48,35	1,23
48,37	1,27
48,40	1,27
48,42	1,24
48,44	1,24
48,47	1,23
48,49	1,23
48,52	1,24
48,54	1,23
48,57	1,24
48,59	1,25
48,62	1,26
48,64	1,29
48,66	1,26
48,69	1,26
48,71	1,30
48,74	1,31
48,76	1,34
48,79	1,35
48,81	1,37
48,84	1,42
48,86	1,45
48,88	1,42
48,91	1,43
48,93	1,46
48,96	1,46
48,98	1,48
49,01	1,47
49,03	1,51
49,05	1,53
49,08	1,54
49,10	1,55
49,13	1,56
49,15	1,57
49,18	1,60
49,20	1,60
49,23	1,64
49,25	1,66
49,27	1,70
49,30	1,76
49,32	1,79
49,35	1,82
49,37	1,84
49,40	1,82
49,42	1,84
49,45	1,86
49,47	1,86
49,49	1,88
49,52	1,90
49,54	1,94
49,57	2,02
49,59	2,04
49,62	2,06
49,64	2,10
49,67	2,11
49,69	2,15
49,71	2,17
49,74	2,19
49,76	2,22
49,79	2,25
49,81	2,28
49,84	2,32
49,86	2,37
49,89	2,38
49,91	2,41
49,93	2,45
49,96	2,48
49,98	2,51
50,01	2,52
50,03	2,59
50,06	2,64
50,08	2,68
50,10	2,70
50,13	2,70
50,15	2,75
50,18	2,77
50,20	2,76
50,23	2,79
50,25	2,81
50,28	2,84
50,30	2,92
50,32	2,96
50,35	3,01
50,37	3,05
50,40	3,08
50,42	3,12
50,45	3,16
50,47	3,17
50,50	3,20
50,52	3,22
50,54	3,26
50,57	3,29
50,59	3,33
50,62	3,36
50,64	3,39
50,67	3,42
50,69	3,44
50,72	3,46
50,74	3,48
50,76	3,54
50,79	3,55
50,81	3,57
50,84	3,60
50,86	3,60
50,89	3,62
50,91	3,64
50,94	3,62
50,96	3,66
50,98	3,65
51,01	3,66
51,03	3,73
51,06	3,74
51,08	3,75
51,11	3,75
51,13	3,75
51,15	3,78
51,18	3,79
51,20	3,77
51,23	3,77
51,25	3,76
51,28	3,75
51,30	3,77
51,33	3,75
51,35	3,76
51,37	3,74
51,40	3,74
51,42	3,77
51,45	3,75
51,47	3,74
51,50	3,75
51,52	3,73
51,55	3,70
51,57	3,67
51,59	3,59
51,62	3,57
51,64	3,55
51,67	3,49
51,69	3,49
51,72	3,45
51,74	3,42
51,77	3,49
51,79	3,45
51,81	3,39
51,84	3,38
51,86	3,31
51,89	3,32
51,91	3,28
51,94	3,20
51,96	3,18
51,99	3,12
52,01	3,09
52,03	3,08
52,06	3,05
52,08	3,00
52,11	2,96
52,13	2,92
52,16	2,93
52,18	2,89
52,20	2,82
52,23	2,82
52,25	2,77
52,28	2,74
52,30	2,70
52,33	2,65
52,35	2,61
52,38	2,56
52,40	2,49
52,42	2,48
52,45	2,40
52,47	2,36
52,50	2,37
52,52	2,34
52,55	2,32
52,57	2,29
52,60	2,25
52,62	2,26
52,64	2,23
52,67	2,15
52,69	2,12
52,72	2,05
52,74	2,02
52,77	2,02
52,79	1,99
52,82	1,98
52,84	1,96
52,86	1,95
52,89	1,97
52,91	1,95
52,94	1,91
52,96	1,89
52,99	1,85
53,01	1,83
53,04	1,81
53,06	1,77
53,08	1,76
53,11	1,72
53,13	1,71
53,16	1,73
53,18	1,68
53,21	1,68
53,23	1,71
53,26	1,71
53,28	1,70
53,30	1,70
53,33	1,68
53,35	1,71
53,38	1,69
53,40	1,65
53,43	1,65
53,45	1,62
53,47	1,62
53,50	1,63
53,52	1,62
53,55	1,65
53,57	1,63
53,60	1,64
53,62	1,68
53,65	1,69
53,67	1,67
53,69	1,66
53,72	1,65
53,74	1,66
53,77	1,65
53,79	1,64
53,82	1,64
53,84	1,66
53,87	1,67
53,89	1,70
53,91	1,68
53,94	1,69
53,96	1,75
53,99	1,75
54,01	1,76
54,04	1,77
54,06	1,79
54,09	1,84
54,11	1,84
54,13	1,83
54,16	1,85
54,18	1,85
54,21	1,86
54,23	1,89
54,26	1,91
54,28	1,92
54,31	1,93
54,33	1,95
54,35	2,00
54,38	2,03
54,40	2,03
54,43	2,07
54,45	2,09
54,48	2,12
54,50	2,14
54,52	2,15
54,55	2,17
54,57	2,17
54,60	2,19
54,62	2,22
54,65	2,22
54,67	2,25
54,70	2,32
54,72	2,36
54,74	2,40
54,77	2,44
54,79	2,46
54,82	2,51
54,84	2,53
54,87	2,51
54,89	2,54
54,92	2,54
54,94	2,57
54,96	2,63
54,99	2,67
55,01	2,69
55,04	2,73
55,06	2,78
55,09	2,83
55,11	2,86
55,14	2,86
55,16	2,88
55,18	2,92
55,21	2,94
55,23	2,98
55,26	3,01
55,28	3,06
55,31	3,09
55,33	3,14
55,36	3,19
55,38	3,18
55,40	3,21
55,43	3,22
55,45	3,25
55,48	3,28
55,50	3,30
55,53	3,34
55,55	3,41
55,57	3,45
55,60	3,46
55,62	3,49
55,65	3,50
55,67	3,52
55,70	3,56
55,72	3,57
55,75	3,61
55,77	3,64
55,79	3,67
55,82	3,74
55,84	3,76
55,87	3,78
55,89	3,79
55,92	3,79
55,94	3,82
55,97	3,82
55,99	3,83
56,01	3,83
56,04	3,85
56,06	3,86
56,09	3,89
56,11	3,88
56,14	3,88
56,16	3,91
56,19	3,92
56,21	3,93
56,23	3,95
56,26	3,95
56,28	3,97
56,31	3,97
56,33	3,97
56,36	3,98
56,38	3,94
56,41	3,93
56,43	3,96
56,45	3,96
56,48	3,95
56,50	3,95
56,53	3,93
56,55	3,98
56,58	3,96
56,60	3,91
56,62	3,90
56,65	3,86
56,67	3,84
56,70	3,81
56,72	3,77
56,75	3,76
56,77	3,73
56,80	3,70
56,82	3,73
56,84	3,71
56,87	3,69
56,89	3,67
56,92	3,65
56,94	3,64
56,97	3,61
56,99	3,56
57,02	3,54
57,04	3,49
57,06	3,45
57,09	3,43
57,11	3,37
57,14	3,34
57,16	3,36
57,19	3,33
57,21	3,32
57,24	3,30
57,26	3,26
57,28	3,31
57,31	3,27
57,33	3,20
57,36	3,16
57,38	3,09
57,41	3,06
57,43	3,03
57,46	2,95
57,48	2,93
57,50	2,87
57,53	2,85
57,55	2,87
57,58	2,84
57,60	2,82
57,63	2,80
57,65	2,78
57,68	2,77
57,70	2,74
57,72	2,69
57,75	2,66
57,77	2,62
57,80	2,58
57,82	2,56
57,85	2,50
57,87	2,51
57,89	2,52
57,92	2,50
57,94	2,50
57,97	2,48
57,99	2,47
58,02	2,50
58,04	2,47
58,07	2,42
58,09	2,38
58,11	2,33
58,14	2,29
58,16	2,27
58,19	2,22
58,21	2,20
58,24	2,19
58,26	2,19
58,29	2,24
58,31	2,23
58,33	2,23
58,36	2,23
58,38	2,20
58,41	2,21
58,43	2,18
58,46	2,15
58,48	2,14
58,51	2,13
58,53	2,13
58,55	2,15
58,58	2,12
58,60	2,11
58,63	2,14
58,65	2,15
58,68	2,14
58,70	2,13
58,73	2,11
58,75	2,18
58,77	2,18
58,80	2,14
58,82	2,15
58,85	2,13
58,87	2,15
58,90	2,14
58,92	2,11
58,94	2,12
58,97	2,12
58,99	2,11
59,02	2,14
59,04	2,16
59,07	2,17
59,09	2,18
59,12	2,19
59,14	2,22
59,16	2,25
59,19	2,24
59,21	2,24
59,24	2,25
59,26	2,25
59,29	2,26
59,31	2,25
59,34	2,27
59,36	2,31
59,38	2,34
59,41	2,37
59,43	2,40
59,46	2,42
59,48	2,47
59,51	2,49
59,53	2,46
59,56	2,49
59,58	2,48
59,60	2,50
59,63	2,52
59,65	2,53
59,68	2,56
59,70	2,57
59,73	2,60
59,75	2,66
59,78	2,67
59,80	2,69
59,82	2,71
59,85	2,75
59,87	2,79
59,90	2,81
59,92	2,83
59,95	2,84
59,97	2,86
59,99	2,86
