Napětí U1	Proud IA
U1/V	IA/nA
10,116	0,265
10,312	0,256
10,508	0,273
10,704	0,252
10,899	0,275
11,093	0,262
11,288	0,298
11,485	0,27
11,68	0,304
11,875	0,296
12,071	0,304
12,266	0,28
12,462	0,295
12,657	0,308
12,852	0,289
13,048	0,292
13,244	0,312
13,438	0,33
13,634	0,28
13,829	0,268
14,025	0,302
14,22	0,318
14,415	0,275
14,61	0,294
14,805	0,31
15,001	0,321
15,196	0,309
15,392	0,338
15,586	0,375
15,782	0,363
15,978	0,386
16,174	0,416
16,369	0,475
16,565	0,454
16,758	0,515
16,955	0,584
17,15	0,642
17,345	0,615
17,541	0,614
17,736	0,577
17,931	0,512
18,126	0,45
18,322	0,414
18,518	0,39
18,714	0,32
18,908	0,357
19,104	0,352
19,299	0,394
19,495	0,378
19,69	0,435
19,885	0,47
20,08	0,53
20,275	0,545
20,471	0,63
20,666	0,688
20,862	0,755
21,058	0,834
21,252	0,91
21,447	1,023
21,644	1,078
21,839	1,179
22,035	1,179
22,229	1,112
22,425	0,962
22,62	0,804
22,815	0,635
23,011	0,526
23,206	0,458
23,401	0,414
23,596	0,401
23,792	0,4
23,988	0,442
24,184	0,479
24,379	0,56
24,574	0,574
24,769	0,67
24,965	0,749
25,16	0,852
25,355	0,911
25,551	1,026
25,745	1,172
25,941	1,272
26,136	1,382
26,332	1,507
26,528	1,657
26,722	1,666
26,918	1,614
27,114	1,422
27,309	1,184
27,505	0,874
27,699	0,708
27,895	0,585
28,09	0,494
28,285	0,44
28,481	0,456
28,676	0,524
28,873	0,532
29,066	0,628
29,262	0,691
29,458	0,818
29,654	0,866
29,849	1,036
30,044	1,138
30,239	1,286
30,435	1,398
30,63	1,574
30,825	1,738
31,021	1,91
31,215	2,043
31,411	2,165
31,606	2,188
31,803	2,011
31,998	1,747
32,193	1,416
32,388	1,158
32,584	0,874
32,779	0,732
32,975	0,622
33,17	0,582
33,365	0,556
33,56	0,608
33,755	0,672
33,951	0,786
34,146	0,856
34,342	1,015
34,537	1,162
34,732	1,314
34,928	1,485
35,124	1,652
35,319	1,838
35,514	2,023
35,709	2,232
35,905	2,421
36,1	2,625
36,295	2,716
36,491	2,702
36,685	2,542
36,881	2,207
37,076	1,851
37,272	1,539
37,468	1,245
37,664	0,955
37,858	0,784
38,054	0,732
38,249	0,734
38,445	0,718
38,64	0,805
38,835	0,919
39,03	1,056
39,225	1,192
39,421	1,355
39,616	1,563
39,812	1,731
40,006	1,955
40,202	2,149
40,398	2,433
40,594	2,623
40,789	2,886
40,985	3,067
41,179	3,21
41,375	3,136
41,57	2,995
41,765	2,741
41,961	2,391
42,156	2,033
42,351	1,716
42,546	1,456
42,742	1,145
42,938	1,069
43,134	0,949
43,328	0,95
43,524	0,952
43,719	1,074
43,915	1,172
44,11	1,345
44,305	1,498
44,5	1,704
44,695	1,909
44,891	2,141
45,086	2,385
45,282	2,644
45,478	2,909
45,672	3,142
45,868	3,378
46,064	3,496
46,259	3,544
46,455	3,4
46,649	3,232
46,845	2,96
47,04	2,66
47,235	2,298
47,431	1,995
47,626	1,743
47,821	1,498
48,016	1,339
48,212	1,249
48,408	1,244
48,604	1,254
48,799	1,37
48,994	1,485
49,189	1,61
49,385	1,824
49,58	2,006
49,775	2,244
49,971	2,498
50,165	2,745
50,361	3,017
50,556	3,278
50,752	3,508
50,948	3,648
51,142	3,763
51,338	3,755
51,534	3,688
51,729	3,466
51,925	3,235
52,119	2,956
52,315	2,668
52,51	2,351
52,705	2,105
52,901	1,932
53,097	1,751
53,293	1,698
53,486	1,634
53,682	1,662
53,878	1,678
54,073	1,804
54,269	1,914
54,463	2,1
54,658	2,266
54,855	2,512
55,05	2,756
55,245	3,003
55,441	3,246
55,635	3,494
55,831	3,722
56,026	3,848
56,222	3,935
56,418	3,955
56,612	3,898
56,808	3,72
57,004	3,546
57,199	3,324
57,395	3,086
57,59	2,825
57,785	2,608
57,98	2,482
58,175	2,259
58,371	2,208
58,567	2,134
58,762	2,145
58,957	2,132
59,152	2,218
59,348	2,306
59,543	2,478
59,739	2,624
