Napětí U1	Proud IA
U1/V	IA/nA
10,116	0,306
10,312	0,295
10,508	0,33
10,704	0,336
10,899	0,286
11,093	0,306
11,288	0,322
11,485	0,333
11,68	0,35
11,875	0,345
12,071	0,368
12,266	0,326
12,462	0,352
12,657	0,344
12,852	0,381
13,048	0,337
13,244	0,37
13,438	0,395
13,634	0,403
13,829	0,35
14,025	0,36
14,22	0,372
14,415	0,37
14,61	0,378
14,805	0,382
15,001	0,394
15,196	0,366
15,392	0,392
15,586	0,383
15,782	0,417
15,978	0,391
16,174	0,426
16,369	0,449
16,565	0,484
16,758	0,472
16,955	0,516
17,15	0,562
17,345	0,572
17,541	0,565
17,736	0,566
17,931	0,57
18,126	0,514
18,322	0,514
18,518	0,46
18,714	0,466
18,908	0,43
19,104	0,43
19,299	0,421
19,495	0,415
19,69	0,416
19,885	0,44
20,08	0,48
20,275	0,494
20,471	0,507
20,666	0,554
20,862	0,618
21,058	0,617
21,252	0,678
21,447	0,728
21,644	0,805
21,839	0,827
22,035	0,851
22,229	0,871
22,425	0,806
22,62	0,729
22,815	0,642
23,011	0,594
23,206	0,512
23,401	0,482
23,596	0,452
23,792	0,461
23,988	0,425
24,184	0,439
24,379	0,468
24,574	0,532
24,769	0,55
24,965	0,606
25,16	0,676
25,355	0,692
25,551	0,763
25,745	0,815
25,941	0,932
26,136	0,942
26,332	1,051
26,528	1,105
26,722	1,167
26,918	1,12
27,114	1,066
27,309	0,96
27,505	0,815
27,699	0,659
27,895	0,575
28,09	0,512
28,285	0,45
28,481	0,467
28,676	0,459
28,873	0,514
29,066	0,505
29,262	0,579
29,458	0,618
29,654	0,714
29,849	0,758
30,044	0,852
30,239	0,922
30,435	1,022
30,63	1,098
30,825	1,181
31,021	1,293
31,215	1,386
31,411	1,458
31,606	1,461
31,803	1,419
31,998	1,244
32,193	1,078
32,388	0,871
32,584	0,731
32,779	0,605
32,975	0,55
33,17	0,509
33,365	0,492
33,56	0,503
33,755	0,555
33,951	0,642
34,146	0,678
34,342	0,74
34,537	0,84
34,732	0,969
34,928	1,045
35,124	1,156
35,319	1,284
35,514	1,394
35,709	1,498
35,905	1,622
36,1	1,766
36,295	1,771
36,491	1,779
36,685	1,648
36,881	1,51
37,076	1,203
37,272	1,023
37,468	0,828
37,664	0,705
37,858	0,577
38,054	0,566
38,249	0,588
38,445	0,585
38,64	0,638
38,835	0,723
39,03	0,826
39,225	0,879
39,421	1,027
39,616	1,125
39,812	1,269
40,006	1,338
40,202	1,499
40,398	1,644
40,594	1,789
40,789	1,896
40,985	2,034
41,179	2,088
41,375	2,025
41,57	1,89
41,765	1,666
41,961	1,473
42,156	1,17
42,351	1,012
42,546	0,826
42,742	0,743
42,938	0,639
43,134	0,663
43,328	0,672
43,524	0,741
43,719	0,788
43,915	0,902
44,11	1,016
44,305	1,135
44,5	1,285
44,695	1,412
44,891	1,558
45,086	1,69
45,282	1,866
45,478	1,998
45,672	2,148
45,868	2,261
46,064	2,3
46,259	2,279
46,455	2,109
46,649	1,895
46,845	1,668
47,04	1,492
47,235	1,222
47,431	1,024
47,626	0,902
47,821	0,852
48,016	0,76
48,212	0,777
48,408	0,797
48,604	0,888
48,799	0,972
48,994	1,093
49,189	1,214
49,385	1,351
49,58	1,491
49,775	1,673
49,971	1,812
50,165	1,991
50,361	2,146
50,556	2,308
50,752	2,398
50,948	2,445
51,142	2,42
51,338	2,329
51,534	2,206
51,729	1,955
51,925	1,725
52,119	1,496
52,315	1,339
52,51	1,135
52,705	1,015
52,901	0,939
53,097	0,938
53,293	0,925
53,486	0,965
53,682	1,042
53,878	1,137
54,073	1,258
54,269	1,38
54,463	1,56
54,658	1,67
54,855	1,864
55,05	2,041
55,245	2,248
55,441	2,356
55,635	2,501
55,831	2,604
56,026	2,612
56,222	2,503
56,418	2,398
56,612	2,258
56,808	2,043
57,004	1,832
57,199	1,623
57,395	1,462
57,59	1,268
57,785	1,196
57,98	1,116
58,175	1,119
58,371	1,086
58,567	1,164
58,762	1,226
58,957	1,324
59,152	1,417
59,348	1,58
59,543	1,732
59,739	1,9
