Detector angle	Rate at 35kV
2*theta/°	R(35kV)/Imp/s

6,0	819,0
6,2	786,0
6,4	434,0
6,6	347,0
6,8	275,0
7,0	224,0
7,2	205,0
7,4	201,0
7,6	179,0
7,8	169,0
8,0	167,0
8,2	147,0
8,4	148,0
8,6	159,0
8,8	141,0
9,0	128,0
9,2	147,0
9,4	148,0
9,6	158,0
9,8	142,0
10,0	145,0
10,2	138,0
10,4	147,0
10,6	139,0
10,8	138,0
11,0	141,0
11,2	138,0
11,3	139,0
11,6	150,0
11,8	151,0
12,0	132,0
12,2	151,0
12,4	151,0
12,6	149,0
12,8	152,0
13,0	133,0
13,2	146,0
13,4	157,0
13,6	148,0
13,8	148,0
14,0	146,0
14,2	154,0
14,4	141,0
14,6	154,0
14,8	147,0
15,0	131,0
15,2	153,0
15,4	134,0
15,6	126,0
15,8	116,0
16,0	130,0
16,2	131,0
16,4	156,0
16,6	192,0
16,7	218,0
17,0	216,0
17,2	196,0
17,4	230,0
17,6	202,0
17,7	205,0
18,0	184,0
18,2	186,0
18,4	179,0
18,6	199,0
18,8	173,0
19,0	158,0
19,2	155,0
19,4	159,0
19,6	193,0
19,8	183,0
20,0	156,0
20,2	155,0
20,4	154,0
20,6	144,0
20,8	141,0
21,0	152,0
21,2	139,0
21,4	139,0
21,6	126,0
21,7	133,0
22,0	128,0
22,2	113,0
22,4	119,0
22,6	125,0
22,8	116,0
23,0	107,0
23,2	114,0
23,4	109,0
23,6	97,0
23,8	113,0
24,0	98,0
24,2	114,0
24,4	185,0
24,6	946,0
24,7	1378,0
25,0	649,0
25,2	219,0
25,4	153,0
25,6	133,0
25,8	120,0
26,0	119,0
26,2	106,0
26,4	125,0
26,6	137,0
26,8	132,0
27,0	217,0
27,2	1857,0
27,4	4171,0
27,6	3202,0
27,8	668,0
28,0	200,0
28,2	110,0
28,4	89,0
28,6	88,0
28,8	75,0
29,0	71,0
29,2	64,0
29,4	67,0
29,6	70,0
29,8	64,0
30,0	57,0
30,2	53,0
30,4	61,0
30,6	56,0
30,8	58,0
31,0	52,0
31,2	55,0
31,4	56,0
31,6	47,0
31,8	59,0
32,0	57,0
32,2	50,0
32,4	47,0
32,5	46,0
32,8	52,0
33,0	50,0
33,2	56,0
33,4	55,0
33,6	71,0
33,8	61,0
34,0	51,0
34,2	63,0
34,4	56,0
34,5	58,0
34,8	58,0
35,0	49,0
35,2	43,0
35,4	54,0
35,5	61,0
35,8	55,0
36,0	54,0
36,2	43,0
36,4	45,0
36,5	45,0
36,8	53,0
37,0	52,0
37,2	47,0
37,4	54,0
37,5	45,0
37,8	43,0
38,0	47,0
38,2	43,0
38,4	46,0
38,6	45,0
38,8	52,0
39,0	46,0
39,2	41,0
39,4	49,0
39,5	40,0
39,8	39,0
40,0	37,0
40,2	41,0
40,4	42,0
40,5	35,0
40,8	40,0
41,0	40,0
41,2	43,0
41,4	38,0
41,5	43,0
41,8	34,0
42,0	44,0
42,2	44,0
42,4	32,0
42,6	40,0
42,8	37,0
43,0	38,0
43,2	23,0
43,4	40,0
43,6	39,0
43,8	35,0
44,0	32,0
44,2	38,0
44,4	37,0
44,5	39,0
44,8	38,0
45,0	35,0
45,2	39,0
45,4	39,0
45,5	35,0
45,8	29,0
46,0	33,0
46,2	33,0
46,4	35,0
46,5	36,0
46,8	36,0
47,0	27,0
47,2	36,0
47,4	35,0
47,6	35,0
47,8	38,0
48,0	34,0
48,2	35,0
48,4	34,0
48,6	39,0
48,8	37,0
49,0	37,0
49,2	36,0
49,4	31,0
49,5	32,0
49,8	46,0
50,0	65,0
50,2	260,0
50,4	368,0
50,5	205,0
50,8	55,0
51,0	43,0
51,2	44,0
51,4	35,0
51,6	43,0
51,8	34,0
52,0	42,0
52,2	44,0
52,4	41,0
52,6	44,0
52,8	36,0
53,0	41,0
53,2	34,0
53,4	39,0
53,6	42,0
53,8	32,0
54,0	39,0
54,2	34,0
54,4	40,0
54,6	39,0
54,8	31,0
55,0	40,0
55,2	34,0
55,4	49,0
55,6	53,0
55,8	147,0
56,0	813,0
56,2	1131,0
56,4	467,0
56,6	76,0
56,8	64,0
57,0	44,0
57,2	46,0
57,4	42,0
57,6	36,0
57,8	34,0
58,0	41,0
58,2	35,0
58,4	31,0
58,6	34,0
58,8	31,0
59,0	36,0
59,2	37,0
59,4	32,0
59,6	34,0
59,8	30,0
60,0	29,0
60,2	30,0
60,4	25,0
60,6	33,0
60,8	23,0
61,0	22,0
61,2	31,0
61,4	24,0
61,6	28,0
61,8	27,0
62,0	36,0
62,2	26,0
62,4	27,0
62,6	29,0
62,8	28,0
63,0	23,0
63,2	20,0
63,4	22,0
63,6	31,0
63,8	26,0
64,0	25,0
64,1	26,0
64,4	39,0
64,6	24,0
64,8	34,0
65,0	26,0
65,2	33,0
65,4	26,0
65,6	33,0
65,8	25,0
66,0	24,0
66,2	29,0
66,4	27,0
66,6	31,0
66,8	28,0
67,0	31,0
67,2	31,0
67,4	22,0
67,6	29,0
67,8	24,0
68,0	27,0
68,2	24,0
68,4	22,0
68,6	24,0
68,8	26,0
69,0	29,0
69,1	26,0
69,4	27,0
69,6	25,0
69,8	24,0
70,0	27,0
70,2	30,0
70,4	23,0
70,6	30,0
70,8	26,0
71,0	34,0
71,2	26,0
71,4	28,0
71,6	24,0
71,8	24,0
72,0	28,0
72,2	27,0
72,4	27,0
72,6	23,0
72,8	26,0
73,0	24,0
73,2	25,0
73,4	24,0
73,6	25,0
73,8	31,0
74,0	27,0
74,1	25,0
74,4	33,0
74,6	0,0
74,8	24,0
75,0	27,0
75,2	31,0
75,4	0,0
75,6	31,0
75,8	22,0
76,0	29,0
76,2	23,0
76,4	24,0
76,6	23,0
76,8	32,0
77,0	24,0
77,2	32,0
77,4	31,0
77,6	27,0
77,8	24,0
78,0	27,0
78,2	26,0
78,4	34,0
78,6	27,0
78,8	68,0
79,0	99,0
79,1	73,0
79,4	27,0
79,6	32,0
79,8	30,0
80,0	32,0
80,2	30,0
80,4	23,0
80,6	24,0
80,8	31,0
81,0	25,0
81,1	34,0
81,4	32,0
81,6	25,0
81,8	26,0
82,0	26,0
82,2	24,0
82,4	27,0
82,6	25,0
82,8	29,0
83,0	25,0
83,2	27,0
83,4	26,0
83,6	19,0
83,8	28,0
84,0	34,0
84,1	34,0
84,4	32,0
84,6	28,0
84,8	25,0
85,0	32,0
85,2	28,0
85,4	24,0
85,6	27,0
85,8	26,0
86,0	17,0
86,1	20,0
86,4	25,0
86,6	31,0
86,8	26,0
87,0	27,0
87,2	27,0
87,4	25,0
87,6	27,0
87,8	26,0
88,0	32,0
88,2	25,0
88,4	26,0
88,6	30,0
88,8	34,0
89,0	46,0
89,1	139,0
89,4	259,0
89,6	170,0
89,8	90,0
90,0	51,0
90,2	32,0
90,4	33,0
90,6	37,0
90,8	30,0
91,0	31,0
91,1	26,0
91,4	26,0
91,6	19,0
91,8	26,0
92,0	37,0
92,2	23,0
92,4	34,0
92,6	28,0
92,8	23,0
93,0	20,0
93,2	31,0
93,4	29,0
93,6	26,0
93,8	26,0
94,0	23,0
94,1	23,0
94,4	26,0
94,6	29,0
94,8	26,0
95,0	25,0
95,2	27,0
95,4	31,0
95,6	26,0
95,8	29,0
96,0	30,0
96,1	25,0
96,4	31,0
96,6	30,0
96,8	29,0
97,0	26,0
97,2	22,0
97,4	36,0
97,6	21,0
97,8	29,0
98,0	21,0
98,2	30,0
98,4	25,0
98,6	28,0
98,8	22,0
99,0	25,0
99,1	29,0
99,4	23,0
99,6	19,0
99,8	24,0
100,0	25,0
100,2	25,0
100,4	25,0
100,6	27,0
100,8	28,0
101,0	30,0
101,2	27,0
101,4	26,0
101,6	21,0
101,8	26,0
102,0	23,0
102,1	22,0
102,4	25,0
102,6	27,0
102,8	23,0
103,0	22,0
103,2	23,0
103,4	22,0
103,6	27,0
103,8	25,0
104,0	19,0
104,2	25,0
104,4	24,0
104,6	29,0
104,8	24,0
105,0	22,0
105,2	20,0
105,4	27,0
105,6	27,0
105,8	23,0
106,0	25,0
106,2	25,0
106,4	27,0
106,6	25,0
106,8	25,0
107,0	31,0
107,2	24,0
107,4	26,0
107,6	19,0
107,8	24,0
108,0	26,0
108,2	23,0
108,4	34,0
108,6	20,0
108,8	28,0
109,0	33,0
109,2	23,0
109,4	27,0
109,6	26,0
109,8	29,0
110,0	33,0
110,2	33,0
110,4	28,0
110,6	29,0
110,8	24,0
111,0	26,0
111,2	22,0
111,4	26,0
111,6	29,0
111,8	27,0
112,0	30,0
112,2	21,0
112,4	27,0
112,6	30,0
112,8	28,0
113,0	29,0
113,2	28,0
113,4	23,0
113,6	22,0
113,8	25,0
114,0	26,0
114,2	28,0
114,4	20,0
114,6	27,0
114,8	28,0
115,0	34,0
115,2	30,0
115,4	47,0
115,6	39,0
115,8	27,0
116,0	31,0
116,2	30,0
116,4	28,0
116,6	29,0
116,8	23,0
117,0	25,0
117,2	20,0
117,4	0,0
117,6	25,0
117,8	22,0
118,0	28,0
118,2	19,0
118,4	29,0
118,6	26,0
118,8	26,0
119,0	23,0
119,2	19,0
119,4	27,0
119,6	19,0
119,8	30,0
120,0	28,0
120,2	26,0
120,4	26,0
120,6	25,0
120,8	28,0
121,0	27,0
121,2	26,0
121,4	29,0
121,6	26,0
121,8	26,0
122,0	22,0
122,2	25,0
122,4	22,0
122,6	25,0
122,8	26,0
123,0	21,0
123,2	30,0
123,4	26,0
123,6	30,0
123,8	25,0
124,0	35,0
124,2	31,0
124,4	27,0
124,6	25,0
124,8	26,0
125,0	27,0
125,2	24,0
125,4	22,0
125,6	28,0
125,8	26,0
126,0	25,0
126,2	25,0
126,4	30,0
126,6	37,0
126,8	25,0
127,0	26,0
127,2	23,0
127,4	27,0
127,6	28,0
127,8	25,0
128,0	23,0
128,2	27,0
128,4	21,0
128,6	26,0
128,8	27,0
129,0	24,0
129,2	25,0
129,4	28,0
129,6	25,0
129,8	21,0
130,0	22,0
130,2	24,0
130,4	28,0
130,6	26,0
130,8	27,0
131,0	26,0
131,2	24,0
131,4	22,0
131,6	29,0
131,8	29,0
132,0	30,0
132,2	31,0
132,4	32,0
132,6	23,0
132,8	26,0
133,0	20,0
133,2	25,0
133,4	26,0
133,6	21,0
133,8	18,0
134,0	28,0
134,2	28,0
134,4	31,0
134,6	28,0
134,8	28,0
135,0	32,0
135,2	29,0
135,4	27,0
135,6	25,0
135,8	33,0
136,0	32,0
136,2	21,0
136,4	31,0
136,6	26,0
136,8	28,0
137,0	25,0
137,2	31,0
137,4	31,0
137,6	28,0
137,8	31,0
138,0	41,0
138,2	108,0
138,4	146,0
138,6	89,0
138,8	62,0
139,0	84,0
139,2	95,0
139,4	75,0
139,6	40,0
139,8	35,0
140,0	35,0
140,2	25,0
140,4	32,0
140,6	29,0
140,8	35,0
141,0	32,0
141,2	33,0
141,4	25,0
141,6	33,0
141,8	29,0
142,0	31,0
142,2	25,0
142,4	29,0
142,6	28,0
142,8	27,0
143,0	29,0
143,2	34,0
143,4	24,0
143,6	31,0
143,8	28,0
144,0	25,0
144,2	28,0
144,4	26,0
144,6	27,0
144,8	27,0
145,0	29,0
145,2	25,0
145,4	26,0
145,6	22,0
145,8	24,0
146,0	30,0
146,2	30,0
146,4	27,0
146,6	25,0
146,8	26,0
147,0	22,0
147,2	19,0
147,4	20,0
147,6	28,0
147,8	24,0
148,0	21,0
148,2	26,0
148,4	26,0
148,6	37,0
148,8	33,0
149,0	26,0
149,2	24,0
149,4	24,0
149,6	25,0
149,8	31,0
150,0	27,0
