Detector angle	Rate at 35kV
2*theta/°	R(35kV)/Imp/s

6,0	923,0
6,2	883,0
6,4	537,0
6,6	389,0
6,8	256,0
7,0	221,0
7,2	174,0
7,4	153,0
7,6	126,0
7,8	120,0
8,0	95,0
8,2	88,0
8,4	74,0
8,6	56,0
8,8	48,0
9,0	55,0
9,2	47,0
9,4	40,0
9,6	30,0
9,8	34,0
10,0	29,0
10,2	25,0
10,4	26,0
10,6	39,0
10,8	47,0
11,0	64,0
11,2	80,0
11,3	113,0
11,6	122,0
11,8	143,0
12,0	129,0
12,2	162,0
12,4	167,0
12,6	191,0
12,8	183,0
13,0	199,0
13,2	211,0
13,4	213,0
13,6	199,0
13,8	225,0
14,0	212,0
14,2	247,0
14,4	226,0
14,6	240,0
14,8	229,0
15,0	236,0
15,2	248,0
15,4	254,0
15,6	238,0
15,8	245,0
16,0	240,0
16,2	242,0
16,4	279,0
16,6	270,0
16,7	243,0
17,0	253,0
17,2	260,0
17,4	288,0
17,6	292,0
17,7	297,0
18,0	299,0
18,2	316,0
18,4	298,0
18,6	307,0
18,8	329,0
19,0	321,0
19,2	307,0
19,4	336,0
19,6	339,0
19,8	350,0
20,0	315,0
20,2	355,0
20,4	336,0
20,6	365,0
20,8	362,0
21,0	377,0
21,2	361,0
21,4	385,0
21,6	358,0
21,7	389,0
22,0	366,0
22,2	385,0
22,4	372,0
22,6	373,0
22,8	401,0
23,0	383,0
23,2	393,0
23,4	368,0
23,6	373,0
23,8	404,0
24,0	331,0
24,2	393,0
24,4	352,0
24,6	393,0
24,7	356,0
25,0	339,0
25,2	342,0
25,4	356,0
25,6	373,0
25,8	370,0
26,0	347,0
26,2	354,0
26,4	343,0
26,6	356,0
26,8	336,0
27,0	313,0
27,2	330,0
27,4	304,0
27,6	293,0
27,8	282,0
28,0	271,0
28,2	253,0
28,4	263,0
28,6	225,0
28,8	218,0
29,0	235,0
29,2	232,0
29,4	228,0
29,6	226,0
29,8	241,0
30,0	226,0
30,2	236,0
30,4	240,0
30,6	232,0
30,8	220,0
31,0	212,0
31,2	232,0
31,4	209,0
31,6	203,0
31,8	221,0
32,0	208,0
32,2	217,0
32,4	225,0
32,5	229,0
32,8	211,0
33,0	198,0
33,2	193,0
33,4	177,0
33,6	194,0
33,8	201,0
34,0	183,0
34,2	192,0
34,4	182,0
34,5	200,0
34,8	166,0
35,0	180,0
35,2	170,0
35,4	180,0
35,5	173,0
35,8	176,0
36,0	173,0
36,2	157,0
36,4	162,0
36,5	175,0
36,8	144,0
37,0	149,0
37,2	137,0
37,4	171,0
37,5	139,0
37,8	143,0
38,0	155,0
38,2	168,0
38,4	138,0
38,6	146,0
38,8	147,0
39,0	139,0
39,2	137,0
39,4	140,0
39,5	154,0
39,8	133,0
40,0	144,0
40,2	158,0
40,4	168,0
40,5	205,0
40,8	393,0
41,0	1187,0
41,2	2635,0
41,4	1839,0
41,5	1198,0
41,8	308,0
42,0	236,0
42,2	211,0
42,4	196,0
42,6	197,0
42,8	184,0
43,0	165,0
43,2	158,0
43,4	171,0
43,6	173,0
43,8	160,0
44,0	156,0
44,2	162,0
44,4	176,0
44,5	231,0
44,8	247,0
45,0	271,0
45,2	443,0
45,4	1273,0
45,5	3629,0
45,8	7966,0
46,0	5441,0
46,2	2468,0
46,4	665,0
46,5	336,0
46,8	149,0
47,0	154,0
47,2	128,0
47,4	143,0
47,6	138,0
47,8	125,0
48,0	102,0
48,2	126,0
48,4	96,0
48,6	94,0
48,8	98,0
49,0	105,0
49,2	83,0
49,4	104,0
49,5	96,0
49,8	91,0
50,0	95,0
50,2	83,0
50,4	83,0
50,5	88,0
50,8	76,0
51,0	80,0
51,2	72,0
51,4	66,0
51,6	75,0
51,8	65,0
52,0	66,0
52,2	78,0
52,4	69,0
52,6	83,0
52,8	64,0
53,0	76,0
53,2	56,0
53,4	61,0
53,6	61,0
53,8	65,0
54,0	58,0
54,2	61,0
54,4	71,0
54,6	62,0
54,8	68,0
55,0	47,0
55,2	57,0
55,4	63,0
55,6	46,0
55,8	41,0
56,0	57,0
56,2	47,0
56,4	54,0
56,6	51,0
56,8	49,0
57,0	37,0
57,2	44,0
57,4	48,0
57,6	48,0
57,8	48,0
58,0	45,0
58,2	42,0
58,4	38,0
58,6	47,0
58,8	33,0
59,0	39,0
59,2	34,0
59,4	33,0
59,6	35,0
59,8	42,0
60,0	35,0
60,2	40,0
60,4	32,0
60,6	31,0
60,8	33,0
61,0	35,0
61,2	38,0
61,4	35,0
61,6	31,0
61,8	35,0
62,0	27,0
62,2	28,0
62,4	29,0
62,6	31,0
62,8	39,0
63,0	28,0
63,2	29,0
63,4	27,0
63,6	31,0
63,8	35,0
64,0	28,0
64,1	23,0
64,4	30,0
64,6	26,0
64,8	21,0
65,0	25,0
65,2	25,0
65,4	27,0
65,6	27,0
65,8	32,0
66,0	20,0
66,2	27,0
66,4	23,0
66,6	27,0
66,8	22,0
67,0	24,0
67,2	22,0
67,4	21,0
67,6	23,0
67,8	22,0
68,0	18,0
68,2	23,0
68,4	22,0
68,6	29,0
68,8	20,0
69,0	19,0
69,1	31,0
69,4	19,0
69,6	21,0
69,8	21,0
70,0	20,0
70,2	20,0
70,4	23,0
70,6	21,0
70,8	20,0
71,0	23,0
71,2	18,0
71,4	26,0
71,6	20,0
71,8	22,0
72,0	19,0
72,2	23,0
72,4	20,0
72,6	16,0
72,8	29,0
73,0	19,0
73,2	15,0
73,4	18,0
73,6	22,0
73,8	14,0
74,0	20,0
74,1	21,0
74,4	19,0
74,6	19,0
74,8	21,0
75,0	14,0
75,2	16,0
75,4	13,0
75,6	15,0
75,8	16,0
76,0	19,0
76,2	14,0
76,4	14,0
76,6	21,0
76,8	15,0
77,0	18,0
77,2	17,0
77,4	21,0
77,6	15,0
77,8	16,0
78,0	12,0
78,2	16,0
78,4	13,0
78,6	16,0
78,8	13,0
79,0	17,0
79,1	14,0
79,4	9,0
79,6	15,0
79,8	14,0
80,0	12,0
80,2	14,0
80,4	13,0
80,6	15,0
80,8	14,0
81,0	15,0
81,1	17,0
81,4	17,0
81,6	11,0
81,8	17,0
82,0	12,0
82,2	15,0
82,4	14,0
82,6	10,0
82,8	14,0
83,0	12,0
83,2	14,0
83,4	12,0
83,6	12,0
83,8	10,0
84,0	12,0
84,1	13,0
84,4	14,0
84,6	17,0
84,8	13,0
85,0	12,0
85,2	17,0
85,4	13,0
85,6	8,0
85,8	9,0
86,0	12,0
86,1	11,0
86,4	16,0
86,6	15,0
86,8	14,0
87,0	16,0
87,2	19,0
87,4	30,0
87,6	30,0
87,8	55,0
88,0	279,0
88,2	445,0
88,4	218,0
88,6	76,0
88,8	33,0
89,0	27,0
89,1	23,0
89,4	17,0
89,6	18,0
89,8	19,0
90,0	17,0
90,2	13,0
90,4	17,0
90,6	16,0
90,8	13,0
91,0	18,0
91,1	11,0
91,4	14,0
91,6	23,0
91,8	14,0
92,0	15,0
92,2	9,0
92,4	14,0
92,6	10,0
92,8	13,0
93,0	11,0
93,2	12,0
93,4	12,0
93,6	10,0
93,8	15,0
94,0	9,0
94,1	13,0
94,4	12,0
94,6	11,0
94,8	13,0
95,0	14,0
95,2	12,0
95,4	9,0
95,6	12,0
95,8	9,0
96,0	12,0
96,1	18,0
96,4	15,0
96,6	12,0
96,8	16,0
97,0	10,0
97,2	11,0
97,4	14,0
97,6	14,0
97,8	14,0
98,0	12,0
98,2	13,0
98,4	19,0
98,6	15,0
98,8	19,0
99,0	18,0
99,1	15,0
99,4	24,0
99,6	24,0
99,8	35,0
100,0	67,0
100,2	147,0
100,4	1075,0
100,6	1489,0
100,8	1052,0
101,0	599,0
101,2	267,0
101,4	76,0
101,6	43,0
101,8	23,0
102,0	23,0
102,1	21,0
102,4	13,0
102,6	12,0
102,8	16,0
103,0	10,0
103,2	10,0
103,4	11,0
103,6	10,0
103,8	12,0
104,0	12,0
104,2	14,0
104,4	13,0
104,6	12,0
104,8	8,0
105,0	10,0
105,2	10,0
105,4	12,0
105,6	7,0
105,8	11,0
106,0	13,0
106,2	12,0
106,4	6,0
106,6	5,0
106,8	9,0
107,0	9,0
107,2	8,0
107,4	7,0
107,6	9,0
107,8	8,0
108,0	8,0
108,2	9,0
108,4	6,0
108,6	10,0
108,8	7,0
109,0	7,0
109,2	9,0
109,4	7,0
109,6	10,0
109,8	14,0
110,0	10,0
