Detector angle	Rate at 30kV
2*theta/°	R(30kV)/Imp/s

6,0	338,0
6,2	300,0
6,4	191,0
6,6	144,0
6,8	104,0
7,0	79,0
7,2	74,0
7,4	70,0
7,6	53,0
7,8	48,0
8,0	31,0
8,2	32,0
8,4	38,0
8,6	29,0
8,8	26,0
9,0	23,0
9,2	12,0
9,4	17,0
9,6	22,0
9,8	14,0
10,0	17,0
10,2	9,0
10,4	10,0
10,6	13,0
10,8	15,0
11,0	17,0
11,2	13,0
11,3	9,0
11,6	12,0
11,8	12,0
12,0	11,0
12,2	0,0
12,4	18,0
12,6	36,0
12,8	50,0
13,0	62,0
13,2	75,0
13,4	82,0
13,6	80,0
13,8	103,0
14,0	110,0
14,2	117,0
14,4	116,0
14,6	136,0
14,8	134,0
15,0	138,0
15,2	137,0
15,4	148,0
15,6	143,0
15,8	154,0
16,0	146,0
16,2	171,0
16,4	157,0
16,6	164,0
16,7	158,0
17,0	181,0
17,2	193,0
17,4	191,0
17,6	197,0
17,7	210,0
18,0	214,0
18,2	195,0
18,4	219,0
18,6	219,0
18,8	221,0
19,0	209,0
19,2	211,0
19,4	245,0
19,6	255,0
19,8	257,0
20,0	224,0
20,2	242,0
20,4	251,0
20,6	276,0
20,8	261,0
21,0	285,0
21,2	306,0
21,4	246,0
21,6	264,0
21,7	288,0
22,0	260,0
22,2	264,0
22,4	273,0
22,6	273,0
22,8	311,0
23,0	285,0
23,2	270,0
23,4	282,0
23,6	268,0
23,8	274,0
24,0	271,0
24,2	252,0
24,4	262,0
24,6	281,0
24,7	279,0
25,0	264,0
25,2	284,0
25,4	229,0
25,6	257,0
25,8	285,0
26,0	263,0
26,2	273,0
26,4	271,0
26,6	265,0
26,8	253,0
27,0	242,0
27,2	242,0
27,4	231,0
27,6	217,0
27,8	204,0
28,0	185,0
28,2	203,0
28,4	200,0
28,6	189,0
28,8	192,0
29,0	189,0
29,2	201,0
29,4	198,0
29,6	180,0
29,8	156,0
30,0	177,0
30,2	166,0
30,4	163,0
30,6	184,0
30,8	154,0
31,0	179,0
31,2	181,0
31,4	176,0
31,6	165,0
31,8	173,0
32,0	171,0
32,2	176,0
32,4	170,0
32,5	160,0
32,8	143,0
33,0	149,0
33,2	151,0
33,4	162,0
33,6	153,0
33,8	152,0
34,0	157,0
34,2	147,0
34,4	160,0
34,5	137,0
34,8	137,0
35,0	137,0
35,2	140,0
35,4	138,0
35,5	173,0
35,8	131,0
36,0	130,0
36,2	122,0
36,4	136,0
36,5	118,0
36,8	126,0
37,0	134,0
37,2	106,0
37,4	117,0
37,5	125,0
37,8	94,0
38,0	118,0
38,2	116,0
38,4	114,0
38,6	122,0
38,8	114,0
39,0	117,0
39,2	99,0
39,4	109,0
39,5	107,0
39,8	115,0
40,0	126,0
