Detector angle	Rate at 20kV
2*theta/°	R(20kV)/Imp/s

6,0	28,0
6,2	25,0
6,4	14,0
6,6	13,0
6,8	10,0
7,0	12,0
7,2	6,0
7,4	8,0
7,6	9,0
7,8	9,0
8,0	4,0
8,2	8,0
8,4	5,0
8,6	5,0
8,8	4,0
9,0	8,0
9,2	5,0
9,4	4,0
9,6	6,0
9,8	2,0
10,0	6,0
10,2	5,0
10,4	2,0
10,6	2,0
10,8	5,0
11,0	4,0
11,2	4,0
11,3	5,0
11,6	3,0
11,8	3,0
12,0	6,0
12,2	2,0
12,4	2,0
12,6	2,0
12,8	3,0
13,0	4,0
13,2	2,0
13,4	3,0
13,6	4,0
13,8	2,0
14,0	2,0
14,2	1,0
14,4	1,0
14,6	2,0
14,8	3,0
15,0	0,0
15,2	2,0
15,4	3,0
15,6	4,0
15,8	1,0
16,0	2,0
16,2	3,0
16,4	3,0
16,6	2,0
16,7	2,0
17,0	3,0
17,2	4,0
17,4	1,0
17,6	3,0
17,7	2,0
18,0	2,0
18,2	7,0
18,4	18,0
18,6	19,0
18,8	29,0
19,0	26,0
19,2	34,0
19,4	45,0
19,6	58,0
19,8	48,0
20,0	47,0
20,2	57,0
20,4	61,0
20,6	57,0
20,8	73,0
21,0	76,0
21,2	92,0
21,4	78,0
21,6	71,0
21,7	90,0
22,0	101,0
22,2	100,0
22,4	110,0
22,6	107,0
22,8	106,0
23,0	108,0
23,2	101,0
23,4	96,0
23,6	106,0
23,8	121,0
24,0	106,0
24,2	108,0
24,4	116,0
24,6	114,0
24,7	116,0
25,0	118,0
25,2	122,0
25,4	132,0
25,6	118,0
25,8	125,0
26,0	119,0
26,2	123,0
26,4	109,0
26,6	120,0
26,8	134,0
27,0	124,0
27,2	97,0
27,4	100,0
27,6	105,0
27,8	101,0
28,0	92,0
28,2	101,0
28,4	96,0
28,6	86,0
28,8	87,0
29,0	84,0
29,2	73,0
29,4	95,0
29,6	94,0
29,8	85,0
30,0	94,0
30,2	90,0
30,4	86,0
30,6	80,0
30,8	76,0
31,0	94,0
31,2	84,0
31,4	98,0
31,6	91,0
31,8	77,0
32,0	86,0
32,2	73,0
32,4	70,0
32,5	77,0
32,8	89,0
33,0	80,0
33,2	83,0
33,4	77,0
33,6	70,0
33,8	69,0
34,0	77,0
34,2	78,0
34,4	75,0
34,5	69,0
34,8	68,0
35,0	72,0
35,2	68,0
35,4	68,0
35,5	67,0
35,8	63,0
36,0	63,0
36,2	68,0
36,4	58,0
36,5	71,0
36,8	60,0
37,0	61,0
37,2	65,0
37,4	59,0
37,5	55,0
37,8	57,0
38,0	56,0
38,2	62,0
38,4	77,0
38,6	66,0
38,8	64,0
39,0	49,0
39,2	60,0
39,4	61,0
39,5	63,0
39,8	56,0
40,0	67,0
