Detector angle	Rate at 35kV
2*theta/°	R(35kV)/Imp/s

6,0	923,0
6,2	883,0
6,4	537,0
6,6	389,0
6,8	256,0
7,0	221,0
7,2	174,0
7,4	153,0
7,6	126,0
7,8	120,0
8,0	95,0
8,2	88,0
8,4	74,0
8,6	56,0
8,8	48,0
9,0	55,0
9,2	47,0
9,4	40,0
9,6	30,0
9,8	34,0
10,0	29,0
10,2	25,0
10,4	26,0
10,6	39,0
10,8	47,0
11,0	64,0
11,2	80,0
11,3	113,0
11,6	122,0
11,8	143,0
12,0	129,0
12,2	162,0
12,4	167,0
12,6	191,0
12,8	183,0
13,0	199,0
13,2	211,0
13,4	213,0
13,6	199,0
13,8	225,0
14,0	212,0
14,2	247,0
14,4	226,0
14,6	240,0
14,8	229,0
15,0	236,0
15,2	248,0
15,4	254,0
15,6	238,0
15,8	245,0
16,0	240,0
16,2	242,0
16,4	279,0
16,6	270,0
16,7	243,0
17,0	253,0
17,2	260,0
17,4	288,0
17,6	292,0
17,7	297,0
18,0	299,0
18,2	316,0
18,4	298,0
18,6	307,0
18,8	329,0
19,0	321,0
19,2	307,0
19,4	336,0
19,6	339,0
19,8	350,0
20,0	315,0
20,2	355,0
20,4	336,0
20,6	365,0
20,8	362,0
21,0	377,0
21,2	361,0
21,4	385,0
21,6	358,0
21,7	389,0
22,0	366,0
22,2	385,0
22,4	372,0
22,6	373,0
22,8	401,0
23,0	383,0
23,2	393,0
23,4	368,0
23,6	373,0
23,8	404,0
24,0	331,0
24,2	393,0
24,4	352,0
24,6	393,0
24,7	356,0
25,0	339,0
25,2	342,0
25,4	356,0
25,6	373,0
25,8	370,0
26,0	347,0
26,2	354,0
26,4	343,0
26,6	356,0
26,8	336,0
27,0	313,0
27,2	330,0
27,4	304,0
27,6	293,0
27,8	282,0
28,0	271,0
28,2	253,0
28,4	263,0
28,6	225,0
28,8	218,0
29,0	235,0
29,2	232,0
29,4	228,0
29,6	226,0
29,8	241,0
30,0	226,0
30,2	236,0
30,4	240,0
30,6	232,0
30,8	220,0
31,0	212,0
31,2	232,0
31,4	209,0
31,6	203,0
31,8	221,0
32,0	208,0
32,2	217,0
32,4	225,0
32,5	229,0
32,8	211,0
33,0	198,0
33,2	193,0
33,4	177,0
33,6	194,0
33,8	201,0
34,0	183,0
34,2	192,0
34,4	182,0
34,5	200,0
34,8	166,0
35,0	180,0
35,2	170,0
35,4	180,0
35,5	173,0
35,8	176,0
36,0	173,0
36,2	157,0
36,4	162,0
36,5	175,0
36,8	144,0
37,0	149,0
37,2	137,0
37,4	171,0
37,5	139,0
37,8	143,0
38,0	155,0
38,2	168,0
38,4	138,0
38,6	146,0
38,8	147,0
39,0	139,0
39,2	137,0
39,4	140,0
39,5	154,0
39,8	133,0
40,0	144,0
