Detector angle	Rate at 25kV
2*theta/°	R(25kV)/Imp/s

6,0	97,0
6,2	86,0
6,4	58,0
6,6	38,0
6,8	37,0
7,0	23,0
7,2	24,0
7,4	26,0
7,6	19,0
7,8	13,0
8,0	12,0
8,2	14,0
8,4	13,0
8,6	10,0
8,8	8,0
9,0	12,0
9,2	9,0
9,4	9,0
9,6	10,0
9,8	8,0
10,0	8,0
10,2	7,0
10,4	7,0
10,6	9,0
10,8	7,0
11,0	3,0
11,2	6,0
11,3	6,0
11,6	6,0
11,8	5,0
12,0	6,0
12,2	5,0
12,4	5,0
12,6	4,0
12,8	6,0
13,0	7,0
13,2	7,0
13,4	4,0
13,6	7,0
13,8	5,0
14,0	7,0
14,2	5,0
14,4	8,0
14,6	5,0
14,8	17,0
15,0	23,0
15,2	26,0
15,4	46,0
15,6	38,0
15,8	52,0
16,0	56,0
16,2	76,0
16,4	70,0
16,6	69,0
16,7	79,0
17,0	83,0
17,2	90,0
17,4	104,0
17,6	109,0
17,7	124,0
18,0	106,0
18,2	119,0
18,4	110,0
18,6	122,0
18,8	129,0
19,0	129,0
19,2	129,0
19,4	146,0
19,6	171,0
19,8	177,0
20,0	162,0
20,2	163,0
20,4	166,0
20,6	170,0
20,8	165,0
21,0	156,0
21,2	173,0
21,4	185,0
21,6	179,0
21,7	181,0
22,0	198,0
22,2	210,0
22,4	196,0
22,6	216,0
22,8	218,0
23,0	208,0
23,2	204,0
23,4	199,0
23,6	197,0
23,8	195,0
24,0	181,0
24,2	198,0
24,4	202,0
24,6	208,0
24,7	171,0
25,0	200,0
25,2	176,0
25,4	197,0
25,6	192,0
25,8	208,0
26,0	183,0
26,2	185,0
26,4	210,0
26,6	187,0
26,8	181,0
27,0	194,0
27,2	165,0
27,4	168,0
27,6	169,0
27,8	154,0
28,0	146,0
28,2	136,0
28,4	136,0
28,6	131,0
28,8	145,0
29,0	127,0
29,2	135,0
29,4	140,0
29,6	130,0
29,8	129,0
30,0	131,0
30,2	127,0
30,4	129,0
30,6	120,0
30,8	130,0
31,0	129,0
31,2	133,0
31,4	130,0
31,6	132,0
31,8	128,0
32,0	116,0
32,2	123,0
32,4	124,0
32,5	123,0
32,8	115,0
33,0	121,0
33,2	114,0
33,4	109,0
33,6	119,0
33,8	114,0
34,0	115,0
34,2	118,0
34,4	107,0
34,5	107,0
34,8	88,0
35,0	109,0
35,2	92,0
35,4	109,0
35,5	102,0
35,8	107,0
36,0	102,0
36,2	105,0
36,4	92,0
36,5	94,0
36,8	99,0
37,0	108,0
37,2	85,0
37,4	92,0
37,5	92,0
37,8	106,0
38,0	96,0
38,2	88,0
38,4	83,0
38,6	108,0
38,8	78,0
39,0	97,0
39,2	88,0
39,4	68,0
39,5	89,0
39,8	76,0
40,0	89,0
