Napětí U1	Proud IA
U1/V	IA/nA
10,116	0,192
10,312	0,16
10,508	0,182
10,704	0,17
10,899	0,202
11,093	0,161
11,288	0,18
11,485	0,194
11,68	0,199
11,875	0,168
12,071	0,167
12,266	0,211
12,462	0,188
12,657	0,205
12,852	0,206
13,048	0,227
13,244	0,186
13,438	0,204
13,634	0,202
13,829	0,209
14,025	0,184
14,22	0,212
14,415	0,215
14,61	0,22
14,805	0,192
15,001	0,225
15,196	0,252
15,392	0,245
15,586	0,272
15,782	0,275
15,978	0,316
16,174	0,291
16,369	0,362
16,565	0,358
16,758	0,432
16,955	0,429
17,15	0,482
17,345	0,474
17,541	0,476
17,736	0,4
17,931	0,378
18,126	0,348
18,322	0,286
18,518	0,286
18,714	0,246
18,908	0,276
19,104	0,276
19,299	0,286
19,495	0,307
19,69	0,342
19,885	0,365
20,08	0,403
20,275	0,458
20,471	0,496
20,666	0,565
20,862	0,629
21,058	0,705
21,252	0,768
21,447	0,855
21,644	0,899
21,839	0,988
22,035	0,968
22,229	0,891
22,425	0,781
22,62	0,617
22,815	0,474
23,011	0,382
23,206	0,37
23,401	0,29
23,596	0,315
23,792	0,302
23,988	0,358
24,184	0,355
24,379	0,419
24,574	0,487
24,769	0,575
24,965	0,61
25,16	0,7
25,355	0,798
25,551	0,87
25,745	0,964
25,941	1,076
26,136	1,21
26,332	1,271
26,528	1,38
26,722	1,412
26,918	1,362
27,114	1,128
27,309	0,934
27,505	0,717
27,699	0,548
27,895	0,414
28,09	0,382
28,285	0,355
28,481	0,354
28,676	0,378
28,873	0,434
29,066	0,508
29,262	0,552
29,458	0,672
29,654	0,736
29,849	0,87
30,044	0,944
30,239	1,1
30,435	1,197
30,63	1,35
30,825	1,477
31,021	1,605
31,215	1,75
31,411	1,856
31,606	1,832
31,803	1,684
31,998	1,442
32,193	1,151
32,388	0,926
32,584	0,71
32,779	0,568
32,975	0,458
33,17	0,438
33,365	0,45
33,56	0,464
33,755	0,53
33,951	0,617
34,146	0,736
34,342	0,828
34,537	0,922
34,732	1,072
34,928	1,24
35,124	1,357
35,319	1,529
35,514	1,708
35,709	1,905
35,905	2,055
36,1	2,206
36,295	2,301
36,491	2,256
36,685	2,108
36,881	1,828
37,076	1,572
37,272	1,238
37,468	1,0
37,664	0,784
37,858	0,692
38,054	0,581
38,249	0,572
38,445	0,616
38,64	0,673
38,835	0,739
39,03	0,852
39,225	0,985
39,421	1,106
39,616	1,273
39,812	1,45
40,006	1,639
40,202	1,774
40,398	2,015
40,594	2,194
40,789	2,402
40,985	2,536
41,179	2,662
41,375	2,636
41,57	2,502
41,765	2,248
41,961	2,013
42,156	1,714
42,351	1,4
42,546	1,186
42,742	0,979
42,938	0,881
43,134	0,745
43,328	0,784
43,524	0,794
43,719	0,894
43,915	0,962
44,11	1,1
44,305	1,237
44,5	1,408
44,695	1,592
44,891	1,774
45,086	1,986
45,282	2,164
45,478	2,424
45,672	2,609
45,868	2,792
46,064	2,885
46,259	2,918
46,455	2,83
46,649	2,685
46,845	2,448
47,04	2,195
47,235	1,946
47,431	1,658
47,626	1,425
47,821	1,246
48,016	1,144
48,212	1,025
48,408	1,005
48,604	1,029
48,799	1,127
48,994	1,219
49,189	1,314
49,385	1,474
49,58	1,612
49,775	1,787
49,971	1,999
50,165	2,24
50,361	2,469
50,556	2,66
50,752	2,878
50,948	3,004
51,142	3,082
51,338	3,048
51,534	3,011
51,729	2,878
51,925	2,691
52,119	2,422
52,315	2,184
52,51	2,009
52,705	1,778
52,901	1,598
53,097	1,484
53,293	1,41
53,486	1,343
53,682	1,356
53,878	1,395
54,073	1,484
54,269	1,581
54,463	1,706
54,658	1,862
54,855	2,03
55,05	2,232
55,245	2,432
55,441	2,66
55,635	2,821
55,831	3,026
56,026	3,144
56,222	3,234
56,418	3,184
56,612	3,152
56,808	3,035
57,004	2,902
57,199	2,722
57,395	2,528
57,59	2,37
57,785	2,162
57,98	2,037
58,175	1,902
58,371	1,845
58,567	1,73
58,762	1,754
58,957	1,77
59,152	1,842
59,348	1,884
59,543	2,005
59,739	2,142
