Voltage U1	Current IA
U1/V	IA/nA

0,02	0,29
0,04	0,30
0,07	0,32
0,09	0,33
0,12	0,35
0,14	0,35
0,17	0,33
0,19	0,32
0,21	0,31
0,24	0,31
0,26	0,33
0,29	0,33
0,31	0,32
0,34	0,35
0,36	0,35
0,39	0,36
0,41	0,36
0,43	0,35
0,46	0,38
0,48	0,38
0,51	0,35
0,53	0,35
0,56	0,32
0,58	0,31
0,61	0,31
0,63	0,28
0,65	0,29
0,68	0,28
0,70	0,28
0,73	0,34
0,75	0,34
0,78	0,34
0,80	0,34
0,83	0,34
0,85	0,35
0,87	0,35
0,90	0,32
0,92	0,32
0,95	0,32
0,97	0,32
1,00	0,33
1,02	0,33
1,05	0,33
1,07	0,33
1,09	0,33
1,12	0,34
1,14	0,33
1,17	0,32
1,19	0,35
1,22	0,34
1,24	0,36
1,26	0,35
1,29	0,31
1,31	0,33
1,34	0,32
1,36	0,29
1,39	0,30
1,41	0,28
1,44	0,29
1,46	0,35
1,48	0,34
1,51	0,35
1,53	0,36
1,56	0,35
1,58	0,36
1,61	0,36
1,63	0,33
1,66	0,33
1,68	0,31
1,70	0,31
1,73	0,32
1,75	0,32
1,78	0,33
1,80	0,34
1,83	0,34
1,85	0,35
1,88	0,35
1,90	0,35
1,92	0,39
1,95	0,36
1,97	0,35
2,00	0,37
2,02	0,33
2,05	0,34
2,07	0,32
2,10	0,29
2,12	0,31
2,14	0,29
2,17	0,28
2,19	0,33
2,22	0,34
2,24	0,33
2,27	0,31
2,29	0,32
2,31	0,34
2,34	0,35
2,36	0,33
2,39	0,34
2,41	0,35
2,44	0,34
2,46	0,35
2,49	0,34
2,51	0,34
2,53	0,33
2,56	0,33
2,58	0,35
2,61	0,34
2,63	0,34
2,66	0,37
2,68	0,38
2,71	0,38
2,73	0,37
2,75	0,31
2,78	0,32
2,80	0,32
2,83	0,28
2,85	0,29
2,88	0,27
2,90	0,27
2,93	0,35
2,95	0,34
2,97	0,34
3,00	0,35
3,02	0,34
3,05	0,35
3,07	0,34
3,10	0,33
3,12	0,33
3,15	0,32
3,17	0,32
3,19	0,34
3,22	0,36
3,24	0,35
3,27	0,34
3,29	0,33
3,32	0,36
3,34	0,35
3,36	0,33
3,39	0,37
3,41	0,36
3,44	0,37
3,46	0,37
3,49	0,33
3,51	0,33
3,54	0,32
3,56	0,29
3,58	0,29
3,61	0,28
3,63	0,27
3,66	0,35
3,68	0,35
3,71	0,36
3,73	0,35
3,76	0,35
3,78	0,34
3,80	0,37
3,83	0,31
3,85	0,32
3,88	0,30
3,90	0,30
3,93	0,33
3,95	0,33
3,98	0,32
4,00	0,32
4,02	0,32
4,05	0,34
4,07	0,33
4,10	0,32
4,12	0,36
4,15	0,36
4,17	0,36
4,20	0,36
4,22	0,32
4,24	0,34
4,27	0,33
4,29	0,29
4,32	0,30
4,34	0,28
4,37	0,27
4,39	0,34
4,42	0,33
4,44	0,34
4,46	0,34
4,49	0,34
4,51	0,36
4,54	0,37
4,56	0,34
4,59	0,34
4,61	0,32
4,63	0,32
4,66	0,32
4,68	0,32
4,71	0,33
4,73	0,32
4,76	0,32
4,78	0,35
4,81	0,35
4,83	0,34
4,85	0,37
4,88	0,36
4,90	0,36
4,93	0,36
4,95	0,32
4,98	0,32
5,00	0,31
5,03	0,28
5,05	0,30
5,07	0,27
5,10	0,27
5,12	0,34
5,15	0,34
5,17	0,34
5,20	0,33
5,22	0,33
5,25	0,35
5,27	0,35
5,29	0,32
5,32	0,33
5,34	0,32
5,37	0,32
5,39	0,34
5,42	0,35
5,44	0,35
5,47	0,34
5,49	0,34
5,51	0,37
5,54	0,37
5,56	0,35
5,59	0,38
5,61	0,38
5,64	0,38
5,66	0,38
5,68	0,36
5,71	0,37
5,73	0,36
5,76	0,32
5,78	0,32
5,81	0,30
5,83	0,31
5,86	0,35
5,88	0,35
5,90	0,36
5,93	0,36
5,95	0,35
5,98	0,38
6,00	0,38
6,03	0,34
6,05	0,33
6,08	0,31
6,10	0,31
6,12	0,33
6,15	0,33
6,17	0,33
6,20	0,33
6,22	0,33
6,25	0,36
6,27	0,36
6,30	0,33
6,32	0,37
6,34	0,34
6,37	0,36
6,39	0,36
6,42	0,35
6,44	0,36
6,47	0,35
6,49	0,33
6,52	0,35
6,54	0,31
6,56	0,30
6,59	0,34
6,61	0,35
6,64	0,35
6,66	0,35
6,69	0,35
6,71	0,38
6,73	0,38
6,76	0,34
6,78	0,33
6,81	0,31
6,83	0,30
6,86	0,32
6,88	0,31
6,91	0,33
6,93	0,32
6,95	0,33
6,98	0,37
7,00	0,36
7,03	0,34
7,05	0,33
7,08	0,31
7,10	0,31
7,13	0,30
7,15	0,30
7,17	0,31
7,20	0,31
7,22	0,32
7,25	0,34
7,27	0,32
7,30	0,31
7,32	0,34
7,35	0,33
7,37	0,33
7,39	0,32
7,42	0,33
7,44	0,36
7,47	0,36
7,49	0,33
7,52	0,34
7,54	0,31
7,57	0,30
7,59	0,31
7,61	0,31
7,64	0,31
7,66	0,30
7,69	0,29
7,71	0,34
7,74	0,35
7,76	0,34
7,78	0,34
7,81	0,34
7,83	0,35
7,86	0,34
7,88	0,32
7,91	0,31
7,93	0,29
7,96	0,29
7,98	0,30
8,00	0,27
8,03	0,29
8,05	0,33
8,08	0,34
8,10	0,35
8,13	0,36
8,15	0,33
8,18	0,37
8,20	0,34
8,22	0,28
8,25	0,29
8,27	0,24
8,30	0,26
8,32	0,30
8,35	0,31
8,37	0,33
8,40	0,34
8,42	0,35
8,44	0,38
8,47	0,37
8,49	0,34
8,52	0,33
8,54	0,32
8,57	0,32
8,59	0,31
8,62	0,31
8,64	0,32
8,66	0,31
8,69	0,31
8,71	0,33
8,74	0,29
8,76	0,29
8,79	0,31
8,81	0,31
8,84	0,32
8,86	0,33
8,88	0,32
8,91	0,36
8,93	0,37
8,96	0,34
8,98	0,35
9,01	0,31
9,03	0,30
9,05	0,34
9,08	0,33
9,10	0,34
9,13	0,34
9,15	0,34
9,18	0,38
9,20	0,38
9,23	0,35
9,25	0,35
9,27	0,33
9,30	0,34
9,32	0,33
9,35	0,32
9,37	0,32
9,40	0,31
9,42	0,31
9,45	0,33
9,47	0,29
9,49	0,29
9,52	0,30
9,54	0,29
9,57	0,29
9,59	0,29
9,62	0,28
9,64	0,32
9,67	0,32
9,69	0,31
9,71	0,32
9,74	0,29
9,76	0,29
9,79	0,33
9,81	0,34
9,84	0,34
9,86	0,34
9,89	0,34
9,91	0,39
9,93	0,38
9,96	0,35
9,98	0,33
10,01	0,31
10,03	0,32
10,06	0,31
10,08	0,29
10,10	0,30
10,13	0,30
10,15	0,30
10,18	0,34
10,20	0,29
10,23	0,29
10,25	0,29
10,28	0,29
10,30	0,29
10,32	0,29
10,35	0,27
10,37	0,32
10,40	0,32
10,42	0,33
10,45	0,33
10,47	0,31
10,50	0,29
10,52	0,34
10,54	0,35
10,57	0,35
10,59	0,34
10,62	0,33
10,64	0,38
10,67	0,38
10,69	0,33
10,72	0,33
10,74	0,31
10,76	0,32
10,79	0,31
10,81	0,29
10,84	0,31
10,86	0,29
10,89	0,29
10,91	0,31
10,94	0,27
10,96	0,27
10,98	0,26
11,01	0,27
11,03	0,29
11,06	0,30
11,08	0,29
11,11	0,33
11,13	0,33
11,15	0,32
11,18	0,32
11,20	0,27
11,23	0,28
11,25	0,31
11,28	0,31
11,30	0,33
11,33	0,34
11,35	0,35
11,37	0,39
11,40	0,39
11,42	0,36
11,45	0,36
11,47	0,32
11,50	0,30
11,52	0,31
11,55	0,30
11,57	0,32
11,59	0,31
11,62	0,31
11,64	0,38
11,67	0,37
11,69	0,36
11,72	0,36
11,74	0,35
11,77	0,36
11,79	0,36
11,81	0,34
11,84	0,35
11,86	0,36
11,89	0,35
11,91	0,36
11,94	0,33
11,96	0,31
11,99	0,35
12,01	0,34
12,03	0,35
12,06	0,35
12,08	0,34
12,11	0,41
12,13	0,42
12,16	0,38
12,18	0,38
12,21	0,34
12,23	0,34
12,25	0,34
12,28	0,31
12,30	0,30
12,33	0,30
12,35	0,30
12,38	0,34
12,40	0,35
12,42	0,35
12,45	0,36
12,47	0,35
12,50	0,37
12,52	0,36
12,55	0,34
12,57	0,36
12,60	0,34
12,62	0,33
12,64	0,35
12,67	0,31
12,69	0,34
12,72	0,36
12,74	0,36
12,77	0,36
12,79	0,37
12,82	0,37
12,84	0,42
12,86	0,42
12,89	0,38
12,91	0,38
12,94	0,35
12,96	0,35
12,99	0,34
13,01	0,32
13,04	0,32
13,06	0,31
13,08	0,32
13,11	0,37
13,13	0,37
13,16	0,37
13,18	0,38
13,21	0,37
13,23	0,38
13,26	0,38
13,28	0,36
13,30	0,36
13,33	0,36
13,35	0,35
13,38	0,37
13,40	0,37
13,43	0,38
13,45	0,41
13,47	0,42
13,50	0,43
13,52	0,43
13,55	0,43
13,57	0,45
13,60	0,45
13,62	0,40
13,65	0,40
13,67	0,37
13,69	0,37
13,72	0,36
13,74	0,33
13,77	0,34
13,79	0,32
13,82	0,33
13,84	0,37
13,87	0,38
13,89	0,37
13,91	0,36
13,94	0,36
13,96	0,38
13,99	0,37
14,01	0,35
14,04	0,35
14,06	0,35
14,09	0,35
14,11	0,37
14,13	0,36
14,16	0,37
14,18	0,37
14,21	0,36
14,23	0,37
14,26	0,37
14,28	0,37
14,31	0,41
14,33	0,40
14,35	0,41
14,38	0,40
14,40	0,37
14,43	0,37
14,45	0,36
14,48	0,32
14,50	0,33
14,52	0,31
14,55	0,33
14,57	0,39
14,60	0,39
14,62	0,40
14,65	0,40
14,67	0,40
14,70	0,41
14,72	0,40
14,74	0,39
14,77	0,37
14,79	0,37
14,82	0,37
14,84	0,38
14,87	0,40
14,89	0,38
14,92	0,38
14,94	0,38
14,96	0,39
14,99	0,39
15,01	0,37
15,04	0,42
15,06	0,41
15,09	0,41
15,11	0,41
15,14	0,38
15,16	0,40
15,18	0,38
15,21	0,34
15,23	0,35
15,26	0,34
15,28	0,33
15,31	0,38
15,33	0,38
15,36	0,39
15,38	0,39
15,40	0,39
15,43	0,41
15,45	0,42
15,48	0,37
15,50	0,37
15,53	0,36
15,55	0,36
15,57	0,38
15,60	0,38
15,62	0,40
15,65	0,40
15,67	0,41
15,70	0,43
15,72	0,42
15,75	0,41
15,77	0,43
15,79	0,42
15,82	0,41
15,84	0,43
15,87	0,39
15,89	0,40
15,92	0,41
15,94	0,38
15,97	0,39
15,99	0,36
16,01	0,36
16,04	0,42
16,06	0,41
16,09	0,40
16,11	0,40
16,14	0,41
16,16	0,45
16,19	0,46
16,21	0,42
16,23	0,43
16,26	0,44
16,28	0,44
16,31	0,44
16,33	0,44
16,36	0,44
16,38	0,45
16,41	0,44
16,43	0,47
16,45	0,47
16,48	0,48
16,50	0,51
16,53	0,50
16,55	0,51
16,58	0,50
16,60	0,46
16,63	0,45
16,65	0,46
16,67	0,42
16,70	0,44
16,72	0,42
16,75	0,43
16,77	0,52
16,80	0,52
16,82	0,51
16,84	0,51
16,87	0,51
16,89	0,53
16,92	0,52
16,94	0,50
16,97	0,52
16,99	0,50
17,02	0,52
17,04	0,53
17,06	0,56
17,09	0,56
17,11	0,55
17,14	0,55
17,16	0,57
17,19	0,57
17,21	0,55
17,24	0,59
17,26	0,59
17,28	0,59
17,31	0,60
17,33	0,56
17,36	0,58
17,38	0,57
17,41	0,54
17,43	0,54
17,46	0,52
17,48	0,51
17,50	0,58
17,53	0,58
17,55	0,58
17,58	0,58
17,60	0,57
17,63	0,60
17,65	0,60
17,68	0,56
17,70	0,57
17,72	0,55
17,75	0,56
17,77	0,57
17,80	0,56
17,82	0,56
17,85	0,57
17,87	0,56
17,89	0,58
17,92	0,57
17,94	0,56
17,97	0,59
17,99	0,57
18,02	0,56
18,04	0,56
18,07	0,53
18,09	0,53
18,11	0,53
18,14	0,49
18,16	0,52
18,19	0,48
18,21	0,47
18,24	0,53
18,26	0,53
18,29	0,52
18,31	0,51
18,33	0,50
18,36	0,53
18,38	0,52
18,41	0,47
18,43	0,47
18,46	0,45
18,48	0,44
18,51	0,46
18,53	0,47
18,55	0,47
18,58	0,46
18,60	0,46
18,63	0,48
18,65	0,48
18,68	0,46
18,70	0,47
18,73	0,46
18,75	0,46
18,77	0,46
18,80	0,45
18,82	0,46
18,85	0,45
18,87	0,43
18,90	0,44
18,92	0,40
18,94	0,40
18,97	0,43
18,99	0,43
19,02	0,43
19,04	0,42
19,07	0,42
19,09	0,46
19,12	0,46
19,14	0,42
19,16	0,42
19,19	0,41
19,21	0,40
19,24	0,44
19,26	0,42
19,29	0,42
19,31	0,42
19,34	0,40
19,36	0,44
19,38	0,43
19,41	0,41
19,43	0,42
19,46	0,42
19,48	0,43
19,51	0,42
19,53	0,41
19,56	0,41
19,58	0,40
19,60	0,39
19,63	0,40
19,65	0,38
19,68	0,39
19,70	0,43
19,73	0,43
19,75	0,45
19,78	0,46
19,80	0,45
19,82	0,48
19,85	0,47
19,87	0,43
19,90	0,44
19,92	0,40
19,95	0,41
19,97	0,44
19,99	0,46
20,02	0,46
20,04	0,47
20,07	0,48
20,09	0,52
20,12	0,51
20,14	0,47
20,17	0,47
20,19	0,47
20,21	0,46
20,24	0,48
20,26	0,48
20,29	0,50
20,31	0,51
20,34	0,51
20,36	0,54
20,39	0,49
20,41	0,48
20,43	0,50
20,46	0,50
20,48	0,50
20,51	0,51
20,53	0,51
20,56	0,57
20,58	0,58
20,61	0,54
20,63	0,55
20,65	0,54
20,68	0,54
20,70	0,56
20,73	0,55
20,75	0,57
20,78	0,57
20,80	0,58
20,83	0,63
20,85	0,65
20,87	0,64
20,90	0,64
20,92	0,62
20,95	0,62
20,97	0,62
21,00	0,61
21,02	0,60
21,05	0,60
21,07	0,61
21,09	0,65
21,12	0,62
21,14	0,63
21,17	0,66
21,19	0,65
21,22	0,67
21,24	0,66
21,26	0,66
21,29	0,72
21,31	0,70
21,34	0,70
21,36	0,71
21,39	0,68
21,41	0,70
21,44	0,73
21,46	0,74
21,48	0,75
21,51	0,75
21,53	0,76
21,56	0,82
21,58	0,82
21,61	0,80
21,63	0,81
21,66	0,80
21,68	0,80
21,70	0,80
21,73	0,79
21,75	0,80
21,78	0,80
21,80	0,81
21,83	0,85
21,85	0,83
21,88	0,84
21,90	0,84
21,92	0,85
21,95	0,85
21,97	0,85
22,00	0,83
22,02	0,87
22,05	0,86
22,07	0,86
22,10	0,86
22,12	0,83
22,14	0,84
22,17	0,88
22,19	0,88
22,22	0,88
22,24	0,87
22,27	0,85
22,29	0,89
22,31	0,88
22,34	0,84
22,36	0,83
22,39	0,81
22,41	0,81
22,44	0,81
22,46	0,79
22,49	0,79
22,51	0,77
22,53	0,75
22,56	0,77
22,58	0,74
22,61	0,73
22,63	0,72
22,66	0,70
22,68	0,71
22,71	0,71
22,73	0,68
22,75	0,70
22,78	0,68
22,80	0,67
22,83	0,66
22,85	0,58
22,88	0,57
22,90	0,60
22,93	0,58
22,95	0,58
22,97	0,57
23,00	0,58
23,02	0,65
23,05	0,63
23,07	0,59
23,10	0,58
23,12	0,55
23,15	0,54
23,17	0,52
23,19	0,50
23,22	0,50
23,24	0,48
23,27	0,48
23,29	0,52
23,32	0,50
23,34	0,50
23,36	0,49
23,39	0,49
23,41	0,48
23,44	0,48
23,46	0,46
23,49	0,45
23,51	0,45
23,54	0,44
23,56	0,46
23,58	0,43
23,61	0,42
23,63	0,48
23,66	0,46
23,68	0,48
23,71	0,45
23,73	0,44
23,76	0,50
23,78	0,49
23,80	0,45
23,83	0,46
23,85	0,44
23,88	0,46
23,90	0,45
23,93	0,42
23,95	0,42
23,98	0,41
24,00	0,40
24,02	0,42
24,05	0,44
24,07	0,44
24,10	0,44
24,12	0,44
24,15	0,45
24,17	0,46
24,20	0,43
24,22	0,43
24,24	0,43
24,27	0,43
24,29	0,45
24,32	0,41
24,34	0,43
24,37	0,48
24,39	0,49
24,42	0,49
24,44	0,50
24,46	0,50
24,49	0,56
24,51	0,56
24,54	0,52
24,56	0,54
24,59	0,52
24,61	0,52
24,63	0,52
24,66	0,51
24,68	0,53
24,71	0,51
24,73	0,52
24,76	0,55
24,78	0,56
24,81	0,57
24,83	0,58
24,85	0,58
24,88	0,60
24,90	0,62
24,93	0,61
24,95	0,61
24,98	0,62
25,00	0,60
25,03	0,61
25,05	0,58
25,07	0,59
25,10	0,64
25,12	0,65
25,15	0,68
25,17	0,68
25,20	0,69
25,22	0,74
25,25	0,74
25,27	0,71
25,29	0,70
25,32	0,67
25,34	0,68
25,37	0,70
25,39	0,68
25,42	0,70
25,44	0,70
25,47	0,71
25,49	0,78
25,51	0,77
25,54	0,77
25,56	0,76
25,59	0,76
25,61	0,78
25,64	0,77
25,66	0,77
25,68	0,79
25,71	0,79
25,73	0,81
25,76	0,81
25,78	0,84
25,81	0,84
25,83	0,87
25,86	0,88
25,88	0,90
25,90	0,92
25,93	0,92
25,95	0,96
25,98	0,97
26,00	0,95
26,03	0,96
26,05	0,93
26,08	0,94
26,10	0,94
26,12	0,92
26,15	0,93
26,17	0,93
26,20	0,94
26,22	1,00
26,25	1,01
26,27	1,03
26,30	1,04
26,32	1,05
26,34	1,08
26,37	1,08
26,39	1,06
26,42	1,06
26,44	1,06
26,47	1,07
26,49	1,09
26,52	1,10
26,54	1,11
26,56	1,12
26,59	1,14
26,61	1,15
26,64	1,16
26,66	1,16
26,69	1,19
26,71	1,18
26,73	1,18
26,76	1,18
26,78	1,14
26,81	1,15
26,83	1,14
26,86	1,10
26,88	1,12
26,91	1,09
26,93	1,09
26,95	1,15
26,98	1,14
27,00	1,13
27,03	1,11
27,05	1,09
27,08	1,11
27,10	1,09
27,13	1,05
27,15	1,04
27,17	1,03
27,20	1,01
27,22	1,01
27,25	1,00
27,27	0,99
27,30	0,97
27,32	0,94
27,35	0,95
27,37	0,93
27,39	0,89
27,42	0,91
27,44	0,88
27,47	0,87
27,49	0,85
27,52	0,79
27,54	0,77
27,57	0,75
27,59	0,70
27,61	0,69
27,64	0,65
27,66	0,64
27,69	0,69
27,71	0,67
27,74	0,67
27,76	0,63
27,78	0,63
27,81	0,62
27,83	0,63
27,86	0,59
27,88	0,57
27,91	0,55
27,93	0,54
27,96	0,56
27,98	0,54
28,00	0,51
28,03	0,50
28,05	0,49
28,08	0,52
28,10	0,52
28,13	0,49
28,15	0,54
28,18	0,53
28,20	0,53
28,22	0,51
28,25	0,46
28,27	0,46
28,30	0,44
28,32	0,41
28,35	0,40
28,37	0,39
28,40	0,40
28,42	0,47
28,44	0,47
28,47	0,47
28,49	0,48
28,52	0,48
28,54	0,49
28,57	0,48
28,59	0,44
28,62	0,45
28,64	0,43
28,66	0,44
28,69	0,46
28,71	0,48
28,74	0,48
28,76	0,49
28,79	0,50
28,81	0,51
28,84	0,51
28,86	0,48
28,88	0,53
28,91	0,52
28,93	0,53
28,96	0,53
28,98	0,50
29,01	0,53
29,03	0,52
29,05	0,49
29,08	0,51
29,10	0,48
29,13	0,48
29,15	0,53
29,18	0,54
29,20	0,56
29,23	0,56
29,25	0,57
29,27	0,60
29,30	0,62
29,32	0,59
29,35	0,59
29,37	0,58
29,40	0,58
29,42	0,61
29,45	0,60
29,47	0,61
29,49	0,63
29,52	0,65
29,54	0,69
29,57	0,70
29,59	0,70
29,62	0,73
29,64	0,73
29,67	0,72
29,69	0,73
29,71	0,70
29,74	0,70
29,76	0,73
29,79	0,71
29,81	0,74
29,84	0,72
29,86	0,73
29,89	0,81
29,91	0,81
29,93	0,81
29,96	0,80
29,98	0,82
30,01	0,86
30,03	0,87
30,06	0,86
30,08	0,86
30,10	0,87
30,13	0,88
30,15	0,89
30,18	0,91
30,20	0,90
30,23	0,90
30,25	0,92
30,28	0,95
30,30	0,96
30,32	0,95
30,35	0,99
30,37	1,00
30,40	1,01
30,42	1,02
30,45	1,03
30,47	1,05
30,50	1,05
30,52	1,03
30,54	1,06
30,57	1,04
30,59	1,06
30,62	1,10
30,64	1,11
30,67	1,13
30,69	1,14
30,72	1,14
30,74	1,18
30,76	1,19
30,79	1,15
30,81	1,16
30,84	1,16
30,86	1,18
30,89	1,21
30,91	1,22
30,94	1,24
30,96	1,25
30,98	1,27
31,01	1,30
31,03	1,31
31,06	1,30
31,08	1,34
31,11	1,34
31,13	1,37
31,15	1,37
31,18	1,38
31,20	1,39
31,23	1,40
31,25	1,39
31,28	1,41
31,30	1,38
31,33	1,40
31,35	1,45
31,37	1,45
31,40	1,45
31,42	1,46
31,45	1,46
31,47	1,49
31,50	1,50
31,52	1,46
31,55	1,46
31,57	1,44
31,59	1,45
31,62	1,47
31,64	1,47
31,67	1,47
31,69	1,46
31,72	1,46
31,74	1,48
31,77	1,46
31,79	1,43
31,81	1,41
31,84	1,38
31,86	1,37
31,89	1,36
31,91	1,32
31,94	1,31
31,96	1,28
31,99	1,25
32,01	1,27
32,03	1,19
32,06	1,16
32,08	1,17
32,11	1,16
32,13	1,13
32,16	1,10
32,18	1,07
32,20	1,08
32,23	1,08
32,25	1,01
32,28	0,99
32,30	0,94
32,33	0,91
32,35	0,91
32,38	0,88
32,40	0,85
32,42	0,84
32,45	0,80
32,47	0,84
32,50	0,83
32,52	0,79
32,55	0,77
32,57	0,74
32,60	0,72
32,62	0,69
32,64	0,67
32,67	0,64
32,69	0,62
32,72	0,61
32,74	0,62
32,77	0,59
32,79	0,59
32,82	0,62
32,84	0,60
32,86	0,59
32,89	0,59
32,91	0,57
32,94	0,60
32,96	0,57
32,99	0,54
33,01	0,54
33,04	0,50
33,06	0,49
33,08	0,51
33,11	0,52
33,13	0,50
33,16	0,50
33,18	0,49
33,21	0,53
33,23	0,53
33,26	0,49
33,28	0,50
33,30	0,49
33,33	0,50
33,35	0,50
33,38	0,48
33,40	0,50
33,43	0,48
33,45	0,48
33,47	0,49
33,50	0,46
33,52	0,47
33,55	0,49
33,57	0,51
33,60	0,53
33,62	0,54
33,65	0,53
33,67	0,58
33,69	0,57
33,72	0,55
33,74	0,54
33,77	0,52
33,79	0,53
33,82	0,57
33,84	0,58
33,87	0,60
33,89	0,62
33,91	0,63
33,94	0,67
33,96	0,67
33,99	0,65
34,01	0,65
34,04	0,64
34,06	0,64
34,09	0,66
34,11	0,66
34,13	0,68
34,16	0,68
34,18	0,69
34,21	0,72
34,23	0,69
34,26	0,70
34,28	0,70
34,31	0,71
34,33	0,72
34,35	0,73
34,38	0,75
34,40	0,80
34,43	0,81
34,45	0,83
34,48	0,82
34,50	0,81
34,52	0,80
34,55	0,84
34,57	0,86
34,60	0,87
34,62	0,89
34,65	0,91
34,67	0,97
34,70	0,99
34,72	0,97
34,74	0,98
34,77	0,96
34,79	0,98
34,82	0,99
34,84	0,99
34,87	1,00
34,89	1,01
34,92	1,03
34,94	1,08
34,96	1,07
34,99	1,08
35,01	1,10
35,04	1,11
35,06	1,12
35,09	1,13
35,11	1,14
35,14	1,17
35,16	1,18
35,18	1,19
35,21	1,21
35,23	1,19
35,26	1,21
35,28	1,26
35,31	1,29
35,33	1,30
35,36	1,31
35,38	1,32
35,40	1,39
35,43	1,40
35,45	1,37
35,48	1,38
35,50	1,37
35,53	1,40
35,55	1,41
35,57	1,40
35,60	1,42
35,62	1,43
35,65	1,43
35,67	1,48
35,70	1,49
35,72	1,51
35,75	1,53
35,77	1,54
35,79	1,57
35,82	1,60
35,84	1,60
35,87	1,61
35,89	1,63
35,92	1,63
35,94	1,65
35,97	1,62
35,99	1,64
36,01	1,71
36,04	1,72
36,06	1,74
36,09	1,75
36,11	1,76
36,14	1,83
36,16	1,83
36,19	1,79
36,21	1,79
36,23	1,77
36,26	1,78
36,28	1,79
36,31	1,77
36,33	1,77
36,36	1,75
36,38	1,75
36,41	1,80
36,43	1,79
36,45	1,78
36,48	1,78
36,50	1,78
36,53	1,78
36,55	1,77
36,58	1,75
36,60	1,74
36,62	1,71
36,65	1,67
36,67	1,67
36,70	1,61
36,72	1,60
36,75	1,60
36,77	1,58
36,80	1,59
36,82	1,58
36,84	1,54
36,87	1,56
36,89	1,54
36,92	1,48
36,94	1,43
36,97	1,36
36,99	1,31
37,02	1,28
37,04	1,22
37,06	1,19
37,09	1,16
37,11	1,13
37,14	1,18
37,16	1,15
37,19	1,13
37,21	1,10
37,24	1,06
37,26	1,05
37,28	1,01
37,31	0,97
37,33	0,95
37,36	0,92
37,38	0,91
37,41	0,89
37,43	0,85
37,46	0,83
37,48	0,83
37,50	0,79
37,53	0,77
37,55	0,75
37,58	0,72
37,60	0,77
37,63	0,75
37,65	0,71
37,68	0,71
37,70	0,67
37,72	0,67
37,75	0,64
37,77	0,59
37,80	0,59
37,82	0,56
37,85	0,55
37,87	0,58
37,89	0,58
37,92	0,58
37,94	0,59
37,97	0,58
37,99	0,60
38,02	0,60
38,04	0,58
38,07	0,57
38,09	0,54
38,11	0,53
38,14	0,53
38,16	0,52
38,19	0,55
38,21	0,56
38,24	0,59
38,26	0,61
38,29	0,62
38,31	0,62
38,33	0,64
38,36	0,62
38,38	0,59
38,41	0,59
38,43	0,56
38,46	0,56
38,48	0,58
38,51	0,57
38,53	0,61
38,55	0,58
38,58	0,60
38,60	0,65
38,63	0,65
38,65	0,65
38,68	0,64
38,70	0,65
38,73	0,68
38,75	0,69
38,77	0,67
38,80	0,70
38,82	0,73
38,85	0,73
38,87	0,73
38,90	0,77
38,92	0,76
38,94	0,79
38,97	0,77
38,99	0,80
39,02	0,82
39,04	0,82
39,07	0,86
39,09	0,87
39,12	0,88
39,14	0,90
39,16	0,87
39,19	0,88
39,21	0,88
39,24	0,86
39,26	0,88
39,29	0,87
39,31	0,89
39,34	0,97
39,36	0,98
39,38	1,00
39,41	1,02
39,43	1,03
39,46	1,07
39,48	1,08
39,51	1,07
39,53	1,07
39,56	1,08
39,58	1,10
39,60	1,12
39,63	1,13
39,65	1,15
39,68	1,16
39,70	1,19
39,73	1,22
39,75	1,23
39,78	1,24
39,80	1,28
39,82	1,29
39,85	1,30
39,87	1,31
39,90	1,28
39,92	1,29
39,95	1,30
39,97	1,29
39,99	1,31
40,02	1,32
40,04	1,34
40,07	1,42
40,09	1,43
40,12	1,45
40,14	1,46
40,17	1,48
40,19	1,50
40,21	1,52
40,24	1,50
40,26	1,53
40,29	1,55
40,31	1,56
40,34	1,59
40,36	1,62
40,39	1,64
40,41	1,66
40,43	1,67
40,46	1,70
40,48	1,71
40,51	1,71
40,53	1,76
40,56	1,77
40,58	1,80
40,61	1,82
40,63	1,79
40,65	1,82
40,68	1,84
40,70	1,82
40,73	1,84
40,75	1,84
40,78	1,85
40,80	1,93
40,83	1,95
40,85	1,96
40,87	1,98
40,90	1,99
40,92	2,03
40,95	2,05
40,97	2,03
41,00	2,05
41,02	2,03
41,05	2,04
41,07	2,05
41,09	2,04
41,12	2,07
41,14	2,06
41,17	2,07
41,19	2,10
41,22	2,11
41,24	2,11
41,26	2,14
41,29	2,12
41,31	2,11
41,34	2,08
41,36	2,02
41,39	2,00
41,41	1,99
41,44	1,94
41,46	1,94
41,48	1,90
41,51	1,89
41,53	1,97
41,56	1,93
41,58	1,90
41,61	1,87
41,63	1,83
41,66	1,83
41,68	1,78
41,70	1,71
41,73	1,70
41,75	1,66
41,78	1,63
41,80	1,63
41,83	1,62
41,85	1,60
41,88	1,57
41,90	1,52
41,92	1,53
41,95	1,50
41,97	1,43
42,00	1,45
42,02	1,40
42,05	1,38
42,07	1,33
42,10	1,26
42,12	1,24
42,14	1,20
42,17	1,12
42,19	1,11
42,22	1,06
42,24	1,04
42,27	1,09
42,29	1,06
42,31	1,05
42,34	1,03
42,36	0,99
42,39	1,00
42,41	0,97
42,44	0,90
42,46	0,89
42,49	0,83
42,51	0,83
42,53	0,84
42,56	0,82
42,58	0,82
42,61	0,79
42,63	0,79
42,66	0,80
42,68	0,77
42,71	0,74
42,73	0,76
42,75	0,74
42,78	0,73
42,80	0,72
42,83	0,68
42,85	0,69
42,88	0,67
42,90	0,63
42,93	0,64
42,95	0,60
42,97	0,59
43,00	0,64
43,02	0,65
43,05	0,65
43,07	0,65
43,10	0,66
43,12	0,69
43,15	0,70
43,17	0,66
43,19	0,64
43,22	0,65
43,24	0,63
43,27	0,66
43,29	0,65
43,32	0,65
43,34	0,67
43,36	0,68
43,39	0,71
43,41	0,72
43,44	0,70
43,46	0,74
43,49	0,74
43,51	0,74
43,54	0,75
43,56	0,74
43,58	0,76
43,61	0,76
43,63	0,74
43,66	0,77
43,68	0,75
43,71	0,76
43,73	0,81
43,76	0,81
43,78	0,83
43,80	0,84
43,83	0,85
43,85	0,89
43,88	0,91
43,90	0,89
43,93	0,91
43,95	0,91
43,98	0,91
44,00	0,94
44,02	0,95
44,05	0,96
44,07	0,98
44,10	1,00
44,12	1,04
44,15	1,06
44,17	1,06
44,20	1,08
44,22	1,08
44,24	1,10
44,27	1,11
44,29	1,12
44,32	1,13
44,34	1,15
44,37	1,18
44,39	1,21
44,41	1,19
44,44	1,21
44,46	1,27
44,49	1,29
44,51	1,31
44,54	1,31
44,56	1,33
44,59	1,37
44,61	1,38
44,63	1,36
44,66	1,38
44,68	1,38
44,71	1,40
44,73	1,45
44,76	1,47
44,78	1,48
44,81	1,49
44,83	1,52
44,85	1,56
44,88	1,57
44,90	1,56
44,93	1,57
44,95	1,59
44,98	1,60
45,00	1,61
45,03	1,63
45,05	1,66
45,07	1,68
45,10	1,71
45,12	1,75
45,15	1,73
45,17	1,75
45,20	1,79
45,22	1,82
45,25	1,83
45,27	1,84
45,29	1,86
45,32	1,92
45,34	1,95
45,37	1,92
45,39	1,95
45,42	1,94
45,44	1,97
45,47	1,99
45,49	2,01
45,51	2,03
45,54	2,04
45,56	2,06
45,59	2,10
45,61	2,12
45,64	2,12
45,66	2,14
45,68	2,15
45,71	2,17
45,73	2,18
45,76	2,20
45,78	2,22
45,81	2,24
45,83	2,25
45,86	2,29
45,88	2,25
45,90	2,26
45,93	2,29
45,95	2,29
45,98	2,29
46,00	2,28
46,03	2,28
46,05	2,33
46,08	2,33
46,10	2,30
46,12	2,30
46,15	2,29
46,17	2,28
46,20	2,30
46,22	2,29
46,25	2,29
46,27	2,27
46,30	2,25
46,32	2,28
46,34	2,27
46,37	2,23
46,39	2,20
46,42	2,15
46,44	2,14
46,47	2,10
46,49	2,05
46,52	2,02
46,54	1,98
46,56	1,97
46,59	1,98
46,61	1,92
46,64	1,90
46,66	1,89
46,69	1,86
46,71	1,84
46,73	1,80
46,76	1,74
46,78	1,75
46,81	1,70
46,83	1,68
46,86	1,66
46,88	1,60
46,91	1,59
46,93	1,62
46,95	1,59
46,98	1,57
47,00	1,54
47,03	1,49
47,05	1,52
47,08	1,47
47,10	1,39
47,13	1,37
47,15	1,32
47,17	1,30
47,20	1,26
47,22	1,22
47,25	1,22
47,27	1,18
47,30	1,14
47,32	1,14
47,35	1,09
47,37	1,07
47,39	1,03
47,42	1,01
47,44	1,01
47,47	1,01
47,49	0,98
47,52	0,99
47,54	0,98
47,57	0,95
47,59	0,94
47,61	0,88
47,64	0,85
47,66	0,89
47,69	0,86
47,71	0,87
47,74	0,87
47,76	0,86
47,78	0,91
47,81	0,90
47,83	0,86
47,86	0,84
47,88	0,80
47,91	0,78
47,93	0,78
47,96	0,75
47,98	0,74
48,00	0,73
48,03	0,74
48,05	0,78
48,08	0,78
48,10	0,78
48,13	0,79
48,15	0,78
48,18	0,78
48,20	0,78
48,22	0,77
48,25	0,78
48,27	0,77
48,30	0,77
48,32	0,78
48,35	0,75
48,37	0,76
48,40	0,80
48,42	0,80
48,44	0,82
48,47	0,83
48,49	0,84
48,52	0,90
48,54	0,90
48,57	0,87
48,59	0,88
48,62	0,87
48,64	0,88
48,66	0,90
48,69	0,90
48,71	0,93
48,74	0,92
48,76	0,93
48,79	0,98
48,81	0,99
48,84	1,00
48,86	1,01
48,88	1,02
48,91	1,05
48,93	1,04
48,96	1,04
48,98	1,10
49,01	1,11
49,03	1,12
49,05	1,13
49,08	1,15
49,10	1,20
49,13	1,21
49,15	1,18
49,18	1,20
49,20	1,21
49,23	1,21
49,25	1,24
49,27	1,26
49,30	1,28
49,32	1,30
49,35	1,31
49,37	1,35
49,40	1,38
49,42	1,38
49,45	1,40
49,47	1,41
49,49	1,44
49,52	1,46
49,54	1,46
49,57	1,49
49,59	1,50
49,62	1,51
49,64	1,54
49,67	1,53
49,69	1,56
49,71	1,62
49,74	1,63
49,76	1,66
49,79	1,69
49,81	1,70
49,84	1,75
49,86	1,77
49,89	1,75
49,91	1,76
49,93	1,76
49,96	1,77
49,98	1,83
50,01	1,85
50,03	1,88
50,06	1,90
50,08	1,93
50,10	1,98
50,13	1,99
50,15	1,98
50,18	2,00
50,20	1,99
50,23	2,02
50,25	2,04
50,28	2,06
50,30	2,11
50,32	2,11
50,35	2,14
50,37	2,19
50,40	2,16
50,42	2,18
50,45	2,22
50,47	2,24
50,50	2,26
50,52	2,27
50,54	2,29
50,57	2,34
50,59	2,36
50,62	2,34
50,64	2,36
50,67	2,35
50,69	2,36
50,72	2,39
50,74	2,39
50,76	2,41
50,79	2,41
50,81	2,41
50,84	2,47
50,86	2,48
50,89	2,46
50,91	2,46
50,94	2,44
50,96	2,44
50,98	2,44
51,01	2,43
51,03	2,41
51,06	2,41
51,08	2,42
51,11	2,45
51,13	2,41
51,15	2,41
51,18	2,43
51,20	2,42
51,23	2,41
51,25	2,40
51,28	2,36
51,30	2,39
51,33	2,36
51,35	2,32
51,37	2,31
51,40	2,26
51,42	2,23
51,45	2,25
51,47	2,24
51,50	2,22
51,52	2,20
51,55	2,17
51,57	2,23
51,59	2,20
51,62	2,14
51,64	2,11
51,67	2,05
51,69	2,03
51,72	1,98
51,74	1,92
51,77	1,89
51,79	1,84
51,81	1,82
51,84	1,83
51,86	1,77
51,89	1,76
51,91	1,74
51,94	1,71
51,96	1,70
51,99	1,67
52,01	1,62
52,03	1,62
52,06	1,58
52,08	1,53
52,11	1,52
52,13	1,44
52,16	1,42
52,18	1,44
52,20	1,42
52,23	1,41
52,25	1,39
52,28	1,36
52,30	1,40
52,33	1,37
52,35	1,29
52,38	1,27
52,40	1,22
52,42	1,20
52,45	1,18
52,47	1,14
52,50	1,14
52,52	1,11
52,55	1,10
52,57	1,13
52,60	1,08
52,62	1,06
52,64	1,04
52,67	1,02
52,69	1,02
52,72	1,01
52,74	0,98
52,77	1,00
52,79	0,99
52,82	0,98
52,84	0,97
52,86	0,92
52,89	0,91
52,91	0,94
52,94	0,93
52,96	0,93
52,99	0,93
53,01	0,93
53,04	0,99
53,06	0,98
53,08	0,95
53,11	0,94
53,13	0,91
53,16	0,90
53,18	0,90
53,21	0,89
53,23	0,90
53,26	0,89
53,28	0,90
53,30	0,94
53,33	0,95
53,35	0,96
53,38	0,97
53,40	0,96
53,43	0,97
53,45	0,97
53,47	0,96
53,50	0,97
53,52	0,95
53,55	0,96
53,57	0,98
53,60	0,96
53,62	0,97
53,65	1,02
53,67	1,04
53,69	1,06
53,72	1,07
53,74	1,07
53,77	1,14
53,79	1,15
53,82	1,11
53,84	1,12
53,87	1,11
53,89	1,14
53,91	1,15
53,94	1,15
53,96	1,17
53,99	1,18
54,01	1,19
54,04	1,24
54,06	1,25
54,09	1,27
54,11	1,29
54,13	1,31
54,16	1,33
54,18	1,35
54,21	1,35
54,23	1,36
54,26	1,38
54,28	1,39
54,31	1,41
54,33	1,39
54,35	1,41
54,38	1,47
54,40	1,49
54,43	1,51
54,45	1,54
54,48	1,56
54,50	1,63
54,52	1,65
54,55	1,63
54,57	1,65
54,60	1,64
54,62	1,66
54,65	1,67
54,67	1,68
54,70	1,67
54,72	1,67
54,74	1,72
54,77	1,76
54,79	1,80
54,82	1,80
54,84	1,83
54,87	1,89
54,89	1,92
54,92	1,95
54,94	1,96
54,96	1,98
54,99	2,00
55,01	2,02
55,04	2,03
55,06	2,02
55,09	2,04
55,11	2,11
55,14	2,13
55,16	2,17
55,18	2,19
55,21	2,23
55,23	2,29
55,26	2,30
55,28	2,27
55,31	2,27
55,33	2,26
55,36	2,27
55,38	2,30
55,40	2,30
55,43	2,33
55,45	2,35
55,48	2,38
55,50	2,46
55,53	2,46
55,55	2,47
55,57	2,48
55,60	2,48
55,62	2,50
55,65	2,50
55,67	2,50
55,70	2,53
55,72	2,55
55,75	2,55
55,77	2,58
55,79	2,61
55,82	2,60
55,84	2,62
55,87	2,62
55,89	2,62
55,92	2,63
55,94	2,61
55,97	2,64
55,99	2,65
56,01	2,64
56,04	2,63
56,06	2,58
56,09	2,58
56,11	2,56
56,14	2,52
56,16	2,50
56,19	2,47
56,21	2,46
56,23	2,52
56,26	2,52
56,28	2,52
56,31	2,51
56,33	2,49
56,36	2,47
56,38	2,47
56,41	2,40
56,43	2,38
56,45	2,34
56,48	2,31
56,50	2,32
56,53	2,31
56,55	2,29
56,58	2,28
56,60	2,26
56,62	2,26
56,65	2,24
56,67	2,21
56,70	2,21
56,72	2,18
56,75	2,15
56,77	2,12
56,80	2,04
56,82	2,02
56,84	1,99
56,87	1,93
56,89	1,92
56,92	1,87
56,94	1,84
56,97	1,89
56,99	1,87
57,02	1,84
57,04	1,80
57,06	1,77
57,09	1,78
57,11	1,75
57,14	1,68
57,16	1,66
57,19	1,62
57,21	1,59
57,24	1,58
57,26	1,56
57,28	1,54
57,31	1,53
57,33	1,49
57,36	1,50
57,38	1,48
57,41	1,43
57,43	1,45
57,46	1,42
57,48	1,40
57,50	1,38
57,53	1,32
57,55	1,31
57,58	1,29
57,60	1,23
57,63	1,23
57,65	1,20
57,68	1,18
57,70	1,24
57,72	1,22
57,75	1,22
57,77	1,20
57,80	1,18
57,82	1,19
57,85	1,18
57,87	1,14
57,89	1,14
57,92	1,12
57,94	1,12
57,97	1,12
57,99	1,11
58,02	1,11
58,04	1,11
58,07	1,10
58,09	1,11
58,11	1,11
58,14	1,11
58,16	1,14
58,19	1,13
58,21	1,13
58,24	1,13
58,26	1,09
58,29	1,09
58,31	1,09
58,33	1,06
58,36	1,07
58,38	1,05
58,41	1,06
58,43	1,13
58,46	1,14
58,48	1,14
58,51	1,15
58,53	1,16
58,55	1,18
58,58	1,18
58,60	1,16
58,63	1,17
58,65	1,17
58,68	1,18
58,70	1,19
58,73	1,21
58,75	1,22
58,77	1,23
58,80	1,24
58,82	1,27
58,85	1,27
58,87	1,26
58,90	1,31
58,92	1,31
58,94	1,33
58,97	1,34
58,99	1,32
59,02	1,35
59,04	1,37
59,07	1,37
59,09	1,37
59,12	1,37
59,14	1,38
59,16	1,44
59,19	1,46
59,21	1,47
59,24	1,48
59,26	1,51
59,29	1,56
59,31	1,58
59,34	1,57
59,36	1,59
59,38	1,60
59,41	1,60
59,43	1,63
59,46	1,63
59,48	1,67
59,51	1,69
59,53	1,71
59,56	1,74
59,58	1,77
59,60	1,80
59,63	1,84
59,65	1,85
59,68	1,87
59,70	1,89
59,73	1,88
59,75	1,90
59,78	1,93
59,80	1,92
59,82	1,96
59,85	1,96
59,87	1,98
59,90	2,07
59,92	2,07
59,95	2,08
59,97	2,10
59,99	2,09
