454
462
467
438
413
437
413
380
454
457
444
473
401
428
426
403
404
388
418
400
411
390
400
448
395
389
386
369
397
375
348
362
334
355
312
355
302
355
304
316
329
354
340
326
295
332
334
314
306
319
308
321
290
303
288
344
293
314
309
341
318
279
271
299
278
297
271
287
293
284
307
295
265
302
260
277
298
290
303
301
278
259
247
256
263
285
254
290
260
254
257
242
229
265
273
293
260
275
241
277
255
224
256
242
255
263
243
245
248
264
252
232
257
251
247
228
254
212
227
265
228
214
250
230
206
247
187
233
229
222
236
236
226
231
190
228
237
210
252
210
236
204
222
202
199
220
246
205
214
201
197
197
212
209
190
222
196
185
195
197
204
188
180
217
211
208
180
203
174
184
179
173
193
165
167
176
192
205
216
185
176
184
205
174
198
195
176
198
186
194
200
177
175
172
193
197
163
191
184
180
145
168
159
188
154
162
184
151
197
157
215
163
181
184
128
164
156
148
184
146
184
142
143
141
176
148
141
138
176
137
173
168
149
147
164
151
167
150
151
113
153
146
136
130
135
149
123
171
132
147
137
145
139
135
153
114
148
161
152
112
139
147
156
123
143
135
127
131
125
127
121
118
148
144
145
127
114
124
120
141
125
127
104
118
124
142
110
110
133
116
119
128
124
112
121
120
139
130
120
98
127
121
93
116
115
117
114
120
122
94
89
113
114
106
99
99
99
101
122
107
126
101
108
115
103
123
111
87
121
104
115
95
116
92
95
83
102
84
107
103
105
86
98
100
115
92
97
95
96
96
104
94
102
84
87
88
84
84
82
94
108
121
91
77
120
80
94
101
99
114
76
83
93
81
104
77
84
69
96
85
86
82
80
84
92
88
89
84
81
70
87
87
94
98
94
106
80
94
76
86
66
64
98
59
74
88
102
102
80
76
81
98
89
78
74
73
68
71
75
60
66
92
92
89
77
81
69
86
78
71
78
64
64
71
80
57
54
90
73
75
65
73
81
78
92
78
73
63
86
93
72
59
71
89
67
68
67
73
83
58
64
73
69
72
71
69
71
66
67
75
68
74
65
64
77
60
63
52
66
53
90
56
65
65
59
72
67
70
55
78
65
48
78
56
85
58
76
68
56
61
62
64
68
60
60
57
71
51
75
60
47
61
57
54
49
65
52
55
53
71
57
59
52
58
64
53
58
60
47
53
56
56
49
48
61
55
49
58
53
64
61
57
51
59
49
37
53
39
48
48
65
58
50
55
46
51
51
44
49
55
52
50
45
52
51
47
38
47
53
56
45
47
56
45
44
52
42
44
53
51
50
49
59
56
58
63
52
57
50
45
52
41
55
67
40
59
48
63
54
67
50
53
58
38
46
43
41
44
53
48
41
35
35
39
56
39
52
48
57
52
47
37
42
41
37
59
35
45
43
39
35
41
45
39
51
61
52
55
