438
380
473
403
400
448
369
362
355
316
326
314
321
344
341
299
287
295
277
301
256
290
242
293
277
242
245
232
228
265
230
233
236
228
210
202
205
197
222
197
217
203
173
176
185
174
198
177
197
180
188
151
163
164
146
141
138
168
151
113
130
171
145
114
112
123
131
118
127
141
118
110
128
120
98
116
120
113
99
107
115
87
95
83
103
100
95
94
88
94
77
101
83
77
85
84
84
87
106
86
59
102
98
73
60
89
86
64
57
75
78
63
59
68
58
72
66
74
60
53
65
70
48
58
61
60
51
61
65
71
58
60
56
55
64
59
39
58
51
55
52
47
47
52
51
56
57
41
59
67
38
44
35
39
52
41
45
41
61
55
