6912
7089
7087
6904
7074
6978
6969
7085
7075
7144
7122
7204
7432
7315
7249
7191
7496
7272
7420
7428
7398
7337
7356
7437
7310
7569
7403
7508
7628
7497
7266
7423
7314
7384
7488
7410
7494
7554
7603
7446
7512
7546
7458
7414
7507
7408
7516
7458
7411
7522
7475
7498
7470
7659
7870
7603
7524
7717
7510
7510
7604
7687
7639
7787
7576
7526
7494
7598
7461
7571
7540
7566
7560
7561
7402
7523
7435
7613
7610
7651
7530
7443
7563
7442
7659
7721
7672
7722
7924
7774
7775
7624
7601
7774
7627
7597
7798
7720
7626
7618
7616
7773
7550
7603
7650
7545
7637
7823
7639
7649
7618
7574
7777
7575
7674
7688
7569
7559
7443
7725
7536
7625
7480
7570
7707
7541
7673
7754
7644
7617
7389
7593
7502
7660
7621
7374
7564
7609
7629
7506
7748
7480
7526
7445
7554
