6822
6946
6857
6912
6997
7038
6968
7089
6953
7035
6968
7087
7001
7072
6904
6904
7078
6912
7095
7074
7040
7022
7043
6978
7160
7079
7041
6969
6894
7058
7138
7085
7007
6976
7206
7075
7092
7077
7033
7144
7187
7036
7137
7122
7294
7424
7412
7204
7247
7053
7507
7432
7215
7335
7378
7315
7466
7332
7377
7249
7412
7321
7293
7191
7427
7328
7206
7496
7388
7254
7296
7272
7381
7403
7364
7420
7439
7358
7339
7428
7329
7305
7270
7398
7376
7431
7458
7337
7444
7278
7422
7356
7638
7420
7418
7437
7357
7372
7336
7310
7543
7399
7364
7569
7516
7322
7332
7403
7412
7296
7425
7508
7376
7249
7414
7628
7251
7379
7300
7497
7459
7569
7189
7266
7587
7639
7280
7423
7487
7610
7382
7314
7264
7432
7575
7384
7469
7464
7506
7488
7451
7520
7523
7410
7504
7559
7270
7494
7488
7525
7616
7554
7389
7319
7417
7603
7494
7430
7319
7446
7449
7394
7386
7512
7415
7581
7576
7546
7369
7554
7462
7458
7597
7498
7515
7414
7549
7335
7484
7507
7435
7555
7601
7408
7336
7643
7381
7516
7370
7497
7497
7458
7474
7440
7559
7411
7268
7486
7610
7522
7530
7559
7516
7475
7405
7323
7672
7498
7492
7605
7605
7470
7725
7735
7629
7659
7574
7728
7800
7870
7607
7617
7565
7603
7533
7523
7480
7524
7537
7512
7359
7717
7655
7710
7477
7510
7536
7600
7510
7510
7651
7618
7673
7604
7644
7430
7619
7687
7572
7555
7547
7639
7466
7536
7678
7787
7660
7437
7651
7576
7753
7544
7511
7526
7604
7590
7510
7494
7520
7442
7624
7598
7617
7610
7706
7461
7643
7509
7717
7571
7674
7734
7467
7540
7643
7567
7705
7566
7560
7522
7648
7560
7746
7569
7567
7561
7428
7484
7701
7402
7589
7382
7578
7523
7362
7506
7449
7435
7501
7412
7603
7613
7646
7491
7498
7610
7777
7539
7697
7651
7442
7633
7541
7530
7524
7544
7654
7443
7509
7423
7537
7563
7496
7522
7490
7442
7633
7607
7447
7659
7607
7543
7518
7721
7735
7704
7554
7672
7728
7759
7423
7722
7816
7749
7629
7924
7685
7710
7601
7774
7635
7639
7475
7775
7431
7692
7656
7624
7681
7517
7522
7601
7676
7682
7677
7774
7599
7788
7720
7627
7733
7581
7451
7597
7679
7465
7674
7798
7876
7614
7688
7720
7737
7728
7361
7626
7729
7811
7505
7618
7761
7351
7566
7616
7692
7598
7627
7773
7365
7486
7617
7550
7610
7702
7545
7603
7612
7613
7537
7650
7883
7758
7658
7545
7545
7598
7578
7637
7639
7574
7700
7823
7656
7520
7678
7639
7579
7511
7728
7649
7699
7464
7675
7618
7732
7651
7465
7574
7551
7596
7609
7777
7340
7554
7717
7575
7525
7484
7381
7674
7554
7780
7522
7688
7746
7754
7593
7569
7673
7549
7548
7559
7501
7655
7686
7443
7712
7604
7689
7725
7525
7728
7470
7536
7578
7564
7643
7625
7781
7783
7720
7480
7633
7678
7766
7570
7774
7592
7799
7707
7654
7718
7577
7541
7691
7674
7689
7673
7632
7565
7624
7754
7720
7675
7604
7644
7424
7579
7592
7617
7455
7489
7600
7389
7495
7430
7716
7593
7453
7706
7494
7502
7615
7593
7595
7660
7467
7510
7482
7621
7613
7567
7521
7374
7503
7509
7561
7564
7434
7553
7701
7609
7663
7522
7754
7629
7647
7689
7704
7506
7471
7538
7449
7748
7540
7645
7475
7480
7579
7518
7631
7526
7622
7641
7403
7445
7728
7554
