      10
    6454
   13122
   10961
   12266
   29455
   65816
   32007
   11376
    8795
    8781
    8750
    8848
    8696
    8738
    8767
    8630
    8496
    8598
    8279
    8567
    8485
    8754
    8526
    8660
    8614
    8666
    8673
    8481
    8791
    8772
    8802
    8747
    8926
    9408
   10161
   11553
   13699
   15058
   15235
   13946
   12689
   11943
   11276
   10760
    9880
    9505
    9279
    8778
    8767
    8443
    8206
    8175
    7876
    7851
    7576
    7579
    7555
    7646
    7400
    7308
    7418
    7394
    7213
    7306
    7284
    7294
    7183
    7197
    7372
    7387
    7283
    7439
    7430
    7408
    7502
    7611
    7577
    7810
    7821
    7887
    8234
    8082
    8088
    8272
    8325
    8374
    8544
    8583
    8500
    8460
    8582
    8430
    8233
    8178
    7513
    6895
    5960
    4609
    3676
    3078
    2479
    2082
    1897
    1692
    1542
    1297
    1231
    1079
     939
     908
     789
     683
     655
     625
     628
     571
     617
     677
     652
     757
     921
    1194
    1809
    2831
    4316
    6548
    9182
   11556
   13643
   15579
   18113
   22430
   28095
   33321
   36589
   34781
   27895
   18881
   10474
    4837
    1907
     613
     180
      83
      72
      42
      39
      34
      44
      36
      40
      31
      42
      32
      30
      25
      27
      47
      37
      32
      33
      24
      26
      28
      42
      30
      24
      27
      25
      30
      36
      27
      32
      41
      22
      29
      26
      26
      22
      23
      21
      25
      21
      30
      25
      28
      24
      24
      23
      24
      24
      19
      25
      21
      21
      17
      12
      30
      10
      24
      20
      16
      22
      18
      17
      15
      16
       8
      21
      16
      14
      14
       8
      13
      32
      14
      16
      17
       9
      17
      14
      16
      18
      18
      15
      11
       6
      19
      12
      18
       9
      13
      16
      10
       9
      13
       8
      12
      14
       1
      11
       8
       7
       9
      11
       6
      12
       8
       6
      10
      11
       9
       9
       9
       8
       6
       9
      10
       4
       6
      11
       8
       9
      11
       5
      14
       3
      10
       7
       8
       9
       5
      13
       2
       9
       7
      12
       9
       4
       6
       3
      10
       8
       2
       8
       3
       3
       8
       3
       4
       4
       4
       0
       3
       6
       8
       4
       9
       3
       7
       4
       6
       8
       7
       7
      15
       9
       8
      12
      10
       7
      13
       8
      13
       9
      10
       8
       8
       5
       4
       4
       1
       4
       2
       2
       1
       0
       2
       1
       1
       1
       1
       0
       3
       1
       0
       2
       1
       0
       0
       1
       0
       2
       1
       1
       1
       1
       2
       2
       0
       1
       0
       0
       3
       0
       1
       1
       0
       0
       1
       0
       0
       2
       0
       0
       0
       0
       1
       2
       1
       1
       2
       0
       2
       0
       1
       1
       2
       2
       3
       1
       0
       2
       2
       1
       1
       3
       3
       1
       7
       3
       5
       4
       4
       8
       7
       8
       8
       4
      13
       6
       9
      14
      11
      15
      20
      20
      22
      25
      31
      10
       2
       0
       0
       0
       0
       0
       0
       0
       0
       1
       0
       1
       1
       0
       0
       1
       0
       0
       1
       0
       0
       0
       0
       0
       0
       1
       1
       0
       0
       0
       0
       0
       0
       0
       0
       0
       0
       0
       0
       0
       0
       0
       0
       0
       0
       0
       0
       0
       0
       0
       0
       0
       0
       0
       0
       0
       0
       0
       0
       0
       0
       0
       0
       0
       0
       0
       0
       0
       0
       0
       0
       0
       0
       0
       0
       0
       0
       0
       0
       0
       0
       0
       0
       0
       0
       0
       0
       0
       0
       0
       0
       0
       0
       0
       0
       0
       0
       0
       0
       0
