       0
     806
    1248
     709
     584
    1064
    4163
    9340
    6298
    2167
     646
     587
     608
     662
     779
     879
     958
    1130
     962
     797
     764
     844
    1074
    2470
    4410
    3389
    1142
     613
     551
     583
     621
     620
     628
     571
     530
     482
     478
     426
     452
     444
     378
     378
     368
     365
     355
     367
     394
     480
     595
     653
     605
     395
     256
     203
     251
     206
     216
     182
     214
     195
     202
     193
     204
     210
     270
     371
     434
     598
     815
     979
     827
     620
     318
     165
     176
     149
     158
     142
     151
     163
     130
     171
     164
     171
     209
     143
     156
     169
     166
     154
     169
     142
     146
     138
     128
     110
     118
     108
     111
     114
     108
     135
     108
     110
     110
     102
     125
     107
      88
     102
     101
     110
     109
      94
     111
      93
      92
      89
     102
      96
     101
      92
      90
     111
     103
     103
     128
     113
     110
     124
     120
     127
     119
     160
     147
     133
     117
      96
      84
      81
      70
      63
      70
      61
      69
      57
      64
      57
      55
      57
      62
      69
      67
      58
      74
      73
      68
      76
      72
      97
      95
      99
      94
     106
      85
      67
      74
      69
      50
      49
      45
      39
      48
      49
      46
      53
      54
      44
      53
      54
      51
      57
      65
      66
      53
      68
      57
      61
      46
      55
      46
      49
      52
      48
      57
      44
      47
      44
      56
      54
      53
      46
      53
      76
      52
      63
      71
      63
      66
      55
      44
      41
      41
      31
      34
      36
      43
      25
      32
      32
      48
      32
      38
      35
      39
      53
      54
      52
      54
      65
      72
      45
      52
      65
      66
      67
      66
      67
      72
      68
      60
      64
      52
      34
      39
      23
      19
      28
      22
      22
      26
      25
      29
      24
      15
      16
      16
      21
      16
      18
      23
      20
      12
      10
       7
       6
       7
       7
      10
       8
      11
      10
       8
      17
       8
      12
      15
       9
       6
      11
       6
      12
       8
       9
       7
      11
      12
      10
      13
      16
      17
      15
      24
      25
      24
      20
      24
      25
      29
      39
      43
      38
      32
      30
      31
      30
      17
      16
      16
      14
      17
       7
       7
       8
       8
      10
       7
       3
       2
       5
       0
       2
       1
       6
       4
       2
       2
       2
       0
       2
       0
       1
       1
       0
       0
       2
       0
       1
       1
       2
       2
       1
       0
       0
       2
       0
       2
       3
       0
       0
       0
       1
       2
       1
       2
       1
       0
       1
       0
       1
       0
       1
       0
       0
       1
       0
       1
       1
       0
       1
       1
       0
       1
       0
       2
       0
       0
       3
       1
       2
       0
       2
       3
       0
       2
       2
       2
       1
       3
       6
       1
       5
       5
       7
       6
       6
       8
       3
      10
       8
      13
      10
      12
      20
      17
      23
      15
      16
      20
      25
      26
       8
       2
       2
       0
       0
       0
       0
       0
       1
       2
       2
       0
       0
       0
       0
       0
       0
       0
       0
       0
       0
       0
       0
       0
       0
       0
       0
       0
       0
       0
       1
       0
       0
       1
       0
       0
       0
       0
       0
       0
       0
       0
       0
       0
       0
       0
       0
       0
       0
       0
       0
       0
       0
       0
       0
       0
       0
       0
       0
       0
       0
       0
       0
       0
       0
       0
       0
       0
       0
       0
       0
       0
       0
       0
       0
       0
       0
       0
       0
       0
       0
       0
       0
       0
       0
       0
       0
       0
       0
       0
       0
       0
       0
       0
       0
       0
       0
       0
       0
       0
       0
