       0
     787
     870
     833
     868
     862
    1554
    1938
     907
     919
     973
     987
     969
    1063
    1041
    1055
    1044
     974
    1061
    1074
     998
    1036
    1004
    1053
    1003
    1047
    1002
    1010
     983
     985
     926
     966
     983
    1127
    1288
    1282
    1332
    1181
    1129
    1112
    1034
    1017
     992
     902
     950
     892
     889
     845
     866
     820
     764
     762
     726
     717
     689
     759
     707
     674
     708
     720
     727
     762
     729
     670
     684
     678
     637
     618
     571
     493
     437
     367
     314
     301
     274
     274
     243
     207
     255
     229
     246
     223
     219
     220
     209
     207
     231
     195
     208
     171
     204
     202
     245
     267
     321
     453
     680
     941
    1069
    1432
    1779
    2403
    2989
    3269
    2996
    1965
    1020
     413
     181
     123
     114
      83
     137
     113
     114
     119
     109
     104
     116
     113
     111
     113
     122
     112
     120
     155
     169
     178
     181
     190
     236
     200
     222
     239
     235
     212
     167
     124
     110
      97
      90
      70
      82
      88
      83
      73
      82
      67
      61
      80
      62
      59
      81
      77
      68
      76
      71
      80
      69
      85
      88
      67
      63
      71
      62
      55
      65
      75
      69
      81
      74
      77
      74
      61
      93
      89
      89
      88
      87
      71
      91
      74
     111
      89
      94
      92
      93
      77
     106
      81
      89
      89
     104
     100
      84
      98
      84
     117
      96
      99
     105
     106
     120
      95
     116
     123
     108
     109
     126
     134
     112
     114
     110
      97
     121
     119
     118
     127
     114
     107
     119
     103
     107
     115
      89
      97
     118
      93
      82
      73
      53
      47
      42
      40
      42
      44
      41
      36
      37
      30
      33
      25
      26
      32
      21
      30
      24
      18
      26
      28
      24
      18
      42
      22
      46
      44
      44
      52
      75
      90
      86
      87
      89
     109
      97
     115
     133
     130
     146
     167
     183
     227
     234
     256
     256
     192
     187
     143
     103
      66
      34
      23
      13
       9
       8
       7
       6
       5
       7
      13
       9
       9
       8
      16
       8
      10
       9
      15
       8
      18
      12
      18
      17
      11
      15
      14
      10
       9
      18
       9
      17
      10
      12
      16
      11
      15
       8
      11
       3
       9
       8
       4
       6
       9
       5
      10
       6
       0
       3
       3
       8
       3
       3
       4
       4
       6
       2
       5
       4
       2
       3
       1
       2
       0
       2
       1
       3
       1
       1
       4
       3
       2
       2
       1
       0
       1
       1
       2
       0
       2
       1
       3
       2
       1
       4
       4
       7
       5
       3
       2
       1
       7
       4
       5
       6
      10
       7
       5
       7
       5
       6
       2
       6
       2
       2
       3
       6
       3
       4
       1
       6
       4
       1
       3
       9
       6
       7
       9
       6
      12
      10
       8
      10
      16
      18
      21
      23
      19
      19
      31
      25
       9
       2
       2
       0
       0
       0
       1
       0
       0
       2
       2
       0
       0
       0
       0
       0
       0
       0
       0
       0
       0
       0
       0
       0
       0
       0
       2
       1
       0
       0
       0
       1
       1
       0
       0
       0
       0
       0
       0
       0
       0
       0
       0
       0
       0
       0
       0
       0
       0
       0
       0
       0
       0
       0
       0
       0
       0
       0
       0
       0
       0
       0
       0
       0
       0
       0
       0
       0
       0
       0
       0
       0
       0
       0
       0
       0
       0
       0
       0
       0
       0
       0
       0
       0
       0
       0
       0
       0
       0
       0
       0
       0
       0
       0
       0
       0
       0
       0
       0
       0
       0
